algorithm,scenario,instance,seed,trial_id,rung,fidelity,validation_error,simulated_cost,cumulative_cost,best_validation_error,config_json
asha,lcbench,126026,1,1,1,1.0,-49.183467864990234,14.819180488586426,14.819180488586426,-49.183467864990234,"{""OpenML_task_id"": ""126026"", ""batch_size"": 68, ""learning_rate"": 0.01448683388723935, ""max_dropout"": 0.00011437481734488664, ""max_units"": 148, ""momentum"": 0.23061274282723063, ""num_layers"": 1, ""weight_decay"": 0.039664106922329655}"
asha,lcbench,126026,1,1,2,3.0,-93.29522705078125,12.136219024658203,26.95539951324463,-93.29522705078125,"{""OpenML_task_id"": ""126026"", ""batch_size"": 68, ""learning_rate"": 0.01448683388723935, ""max_dropout"": 0.00011437481734488664, ""max_units"": 148, ""momentum"": 0.23061274282723063, ""num_layers"": 1, ""weight_decay"": 0.039664106922329655}"
asha,lcbench,126026,1,1,3,9.0,-92.62639617919922,19.150405883789062,46.10580539703369,-93.29522705078125,"{""OpenML_task_id"": ""126026"", ""batch_size"": 68, ""learning_rate"": 0.01448683388723935, ""max_dropout"": 0.00011437481734488664, ""max_units"": 148, ""momentum"": 0.23061274282723063, ""num_layers"": 1, ""weight_decay"": 0.039664106922329655}"
asha,lcbench,126026,1,1,4,27.0,-92.2293701171875,38.14867401123047,84.25447940826416,-93.29522705078125,"{""OpenML_task_id"": ""126026"", ""batch_size"": 68, ""learning_rate"": 0.01448683388723935, ""max_dropout"": 0.00011437481734488664, ""max_units"": 148, ""momentum"": 0.23061274282723063, ""num_layers"": 1, ""weight_decay"": 0.039664106922329655}"
asha,lcbench,126026,1,1,5,52.0,-91.57798767089844,65.13726043701172,149.39173984527588,-93.29522705078125,"{""OpenML_task_id"": ""126026"", ""batch_size"": 68, ""learning_rate"": 0.01448683388723935, ""max_dropout"": 0.00011437481734488664, ""max_units"": 148, ""momentum"": 0.23061274282723063, ""num_layers"": 1, ""weight_decay"": 0.039664106922329655}"
asha,lcbench,126026,1,2,1,1.0,-45.273521423339844,16.622230529785156,166.01397037506104,-93.29522705078125,"{""OpenML_task_id"": ""126026"", ""batch_size"": 61, ""learning_rate"": 0.010214993871440812, ""max_dropout"": 0.9355390708060318, ""max_units"": 669, ""momentum"": 0.3788134300697249, ""num_layers"": 5, ""weight_decay"": 0.02045318045065443}"
asha,lcbench,126026,1,3,1,1.0,-50.56781768798828,1.6874514818191528,167.7014218568802,-93.29522705078125,"{""OpenML_task_id"": ""126026"", ""batch_size"": 336, ""learning_rate"": 0.00012082666253305466, ""max_dropout"": 0.6704675101784022, ""max_units"": 204, ""momentum"": 0.597233947316719, ""num_layers"": 1, ""weight_decay"": 0.07784113974128998}"
asha,lcbench,126026,1,3,2,3.0,-61.77284240722656,4.723214149475098,172.42463600635529,-93.29522705078125,"{""OpenML_task_id"": ""126026"", ""batch_size"": 336, ""learning_rate"": 0.00012082666253305466, ""max_dropout"": 0.6704675101784022, ""max_units"": 204, ""momentum"": 0.597233947316719, ""num_layers"": 1, ""weight_decay"": 0.07784113974128998}"
asha,lcbench,126026,1,4,1,1.0,-41.681968688964844,11.045743942260742,183.47037994861603,-93.29522705078125,"{""OpenML_task_id"": ""126026"", ""batch_size"": 191, ""learning_rate"": 0.025601918563697867, ""max_dropout"": 0.09280080864073792, ""max_units"": 269, ""momentum"": 0.8698680242612952, ""num_layers"": 2, ""weight_decay"": 0.008513570694864093}"
asha,lcbench,126026,1,5,1,1.0,-46.281681060791016,2.931319236755371,186.4016991853714,-93.29522705078125,"{""OpenML_task_id"": ""126026"", ""batch_size"": 18, ""learning_rate"": 0.0003232148147351276, ""max_dropout"": 0.8781425034294131, ""max_units"": 84, ""momentum"": 0.4747857862544964, ""num_layers"": 2, ""weight_decay"": 0.05332119684445198}"
asha,lcbench,126026,1,6,1,1.0,-55.00079345703125,2.8811182975769043,189.2828174829483,-93.29522705078125,"{""OpenML_task_id"": ""126026"", ""batch_size"": 27, ""learning_rate"": 0.0007996051669713004, ""max_dropout"": 0.9668190534800031, ""max_units"": 987, ""momentum"": 0.42124252585244937, ""num_layers"": 1, ""weight_decay"": 0.042916895164594134}"
asha,lcbench,126026,1,6,2,3.0,-89.74200439453125,6.865120887756348,196.14793837070465,-93.29522705078125,"{""OpenML_task_id"": ""126026"", ""batch_size"": 27, ""learning_rate"": 0.0007996051669713004, ""max_dropout"": 0.9668190534800031, ""max_units"": 987, ""momentum"": 0.42124252585244937, ""num_layers"": 1, ""weight_decay"": 0.042916895164594134}"
asha,lcbench,126026,1,6,3,9.0,-92.7260971069336,9.560632705688477,205.70857107639313,-93.29522705078125,"{""OpenML_task_id"": ""126026"", ""batch_size"": 27, ""learning_rate"": 0.0007996051669713004, ""max_dropout"": 0.9668190534800031, ""max_units"": 987, ""momentum"": 0.42124252585244937, ""num_layers"": 1, ""weight_decay"": 0.042916895164594134}"
asha,lcbench,126026,1,6,4,27.0,-93.20318603515625,20.083309173583984,225.7918802499771,-93.29522705078125,"{""OpenML_task_id"": ""126026"", ""batch_size"": 27, ""learning_rate"": 0.0007996051669713004, ""max_dropout"": 0.9668190534800031, ""max_units"": 987, ""momentum"": 0.42124252585244937, ""num_layers"": 1, ""weight_decay"": 0.042916895164594134}"
asha,lcbench,126026,1,6,5,52.0,-92.71072387695312,47.9838752746582,273.7757555246353,-93.29522705078125,"{""OpenML_task_id"": ""126026"", ""batch_size"": 27, ""learning_rate"": 0.0007996051669713004, ""max_dropout"": 0.9668190534800031, ""max_units"": 987, ""momentum"": 0.42124252585244937, ""num_layers"": 1, ""weight_decay"": 0.042916895164594134}"
asha,lcbench,126026,1,7,1,1.0,-42.02854537963867,15.658652305603027,289.43440783023834,-93.29522705078125,"{""OpenML_task_id"": ""126026"", ""batch_size"": 26, ""learning_rate"": 0.007959518139760117, ""max_dropout"": 0.8500841578669948, ""max_units"": 284, ""momentum"": 0.7657203150070269, ""num_layers"": 5, ""weight_decay"": 0.005768753182839147}"
asha,lcbench,126026,1,8,1,1.0,-45.405128479003906,13.342436790466309,302.77684462070465,-93.29522705078125,"{""OpenML_task_id"": ""126026"", ""batch_size"": 33, ""learning_rate"": 0.040655703152083826, ""max_dropout"": 0.6644108028515405, ""max_units"": 462, ""momentum"": 0.5206941167417557, ""num_layers"": 5, ""weight_decay"": 0.03990348386715923}"
asha,lcbench,126026,1,9,1,1.0,-50.74615478515625,1.6637455224990845,304.44059014320374,-93.29522705078125,"{""OpenML_task_id"": ""126026"", ""batch_size"": 55, ""learning_rate"": 0.00013087384319564397, ""max_dropout"": 0.6357631657650347, ""max_units"": 802, ""momentum"": 0.1820772397051424, ""num_layers"": 2, ""weight_decay"": 0.023707609310396217}"
asha,lcbench,126026,1,9,2,3.0,-80.43716430664062,2.910402297973633,307.35099244117737,-93.29522705078125,"{""OpenML_task_id"": ""126026"", ""batch_size"": 55, ""learning_rate"": 0.00013087384319564397, ""max_dropout"": 0.6357631657650347, ""max_units"": 802, ""momentum"": 0.1820772397051424, ""num_layers"": 2, ""weight_decay"": 0.023707609310396217}"
asha,lcbench,126026,1,10,1,1.0,-52.32830047607422,4.2797722816467285,311.6307647228241,-93.29522705078125,"{""OpenML_task_id"": ""126026"", ""batch_size"": 179, ""learning_rate"": 0.006045195498373897, ""max_dropout"": 0.26742258010294173, ""max_units"": 264, ""momentum"": 0.33247086526388725, ""num_layers"": 5, ""weight_decay"": 0.02858665456496851}"
asha,lcbench,126026,1,10,2,3.0,-64.09576416015625,10.934185981750488,322.5649507045746,-93.29522705078125,"{""OpenML_task_id"": ""126026"", ""batch_size"": 179, ""learning_rate"": 0.006045195498373897, ""max_dropout"": 0.26742258010294173, ""max_units"": 264, ""momentum"": 0.33247086526388725, ""num_layers"": 5, ""weight_decay"": 0.02858665456496851}"
asha,lcbench,126026,1,11,1,1.0,-51.638790130615234,9.329150199890137,331.8941009044647,-93.29522705078125,"{""OpenML_task_id"": ""126026"", ""batch_size"": 265, ""learning_rate"": 0.00035221341948736936, ""max_dropout"": 0.3180189835709972, ""max_units"": 656, ""momentum"": 0.9379440787977478, ""num_layers"": 3, ""weight_decay"": 0.002177413161573727}"
asha,lcbench,126026,1,11,2,3.0,-82.675537109375,13.914169311523438,345.80827021598816,-93.29522705078125,"{""OpenML_task_id"": ""126026"", ""batch_size"": 265, ""learning_rate"": 0.00035221341948736936, ""max_dropout"": 0.3180189835709972, ""max_units"": 656, ""momentum"": 0.9379440787977478, ""num_layers"": 3, ""weight_decay"": 0.002177413161573727}"
asha,lcbench,126026,1,11,3,9.0,-89.53559112548828,42.74903106689453,388.5573012828827,-93.29522705078125,"{""OpenML_task_id"": ""126026"", ""batch_size"": 265, ""learning_rate"": 0.00035221341948736936, ""max_dropout"": 0.3180189835709972, ""max_units"": 656, ""momentum"": 0.9379440787977478, ""num_layers"": 3, ""weight_decay"": 0.002177413161573727}"
asha,lcbench,126026,1,12,1,1.0,-49.526729583740234,7.629290580749512,396.1865918636322,-93.29522705078125,"{""OpenML_task_id"": ""126026"", ""batch_size"": 272, ""learning_rate"": 0.0015964698366896196, ""max_dropout"": 0.17906920206631538, ""max_units"": 530, ""momentum"": 0.9190958787575255, ""num_layers"": 5, ""weight_decay"": 0.03286767888610847}"
asha,lcbench,126026,1,13,1,1.0,-40.8497200012207,8.491073608398438,404.67766547203064,-93.29522705078125,"{""OpenML_task_id"": ""126026"", ""batch_size"": 238, ""learning_rate"": 0.0007217590836469879, ""max_dropout"": 0.06802420575063706, ""max_units"": 158, ""momentum"": 0.8769192997165205, ""num_layers"": 4, ""weight_decay"": 0.09876660041395476}"
asha,lcbench,126026,1,14,1,1.0,-45.14704132080078,3.7861297130584717,408.4637951850891,-93.29522705078125,"{""OpenML_task_id"": ""126026"", ""batch_size"": 209, ""learning_rate"": 0.0005590801581312365, ""max_dropout"": 0.3801128087421576, ""max_units"": 152, ""momentum"": 0.15066569243900563, ""num_layers"": 3, ""weight_decay"": 0.03790023932982472}"
asha,lcbench,126026,1,15,1,1.0,-38.90495681762695,8.385093688964844,416.84888887405396,-93.29522705078125,"{""OpenML_task_id"": ""126026"", ""batch_size"": 146, ""learning_rate"": 0.002824547175914973, ""max_dropout"": 0.12262442689998798, ""max_units"": 69, ""momentum"": 0.6954447014277652, ""num_layers"": 4, ""weight_decay"": 0.04594955828116647}"
asha,lcbench,126026,1,16,1,1.0,-53.976539611816406,4.13753604888916,420.9864249229431,-93.29522705078125,"{""OpenML_task_id"": ""126026"", ""batch_size"": 222, ""learning_rate"": 0.0076428343703151885, ""max_dropout"": 0.4602395057335087, ""max_units"": 127, ""momentum"": 0.7682790345780955, ""num_layers"": 5, ""weight_decay"": 0.0666424382052908}"
asha,lcbench,126026,1,16,2,3.0,-70.1266098022461,9.00423812866211,429.9906630516052,-93.29522705078125,"{""OpenML_task_id"": ""126026"", ""batch_size"": 222, ""learning_rate"": 0.0076428343703151885, ""max_dropout"": 0.4602395057335087, ""max_units"": 127, ""momentum"": 0.7682790345780955, ""num_layers"": 5, ""weight_decay"": 0.0666424382052908}"
asha,lcbench,126026,1,17,1,1.0,-56.563289642333984,3.738717794418335,433.72938084602356,-93.29522705078125,"{""OpenML_task_id"": ""126026"", ""batch_size"": 28, ""learning_rate"": 0.00012513231786836105, ""max_dropout"": 0.5752565875484003, ""max_units"": 85, ""momentum"": 0.1349091066838607, ""num_layers"": 1, ""weight_decay"": 0.03397564081251708}"
asha,lcbench,126026,1,17,2,3.0,-78.30857849121094,9.631750106811523,443.3611309528351,-93.29522705078125,"{""OpenML_task_id"": ""126026"", ""batch_size"": 28, ""learning_rate"": 0.00012513231786836105, ""max_dropout"": 0.5752565875484003, ""max_units"": 85, ""momentum"": 0.1349091066838607, ""num_layers"": 1, ""weight_decay"": 0.03397564081251708}"
asha,lcbench,126026,1,18,1,1.0,-42.55593490600586,26.13949203491211,469.5006229877472,-93.29522705078125,"{""OpenML_task_id"": ""126026"", ""batch_size"": 65, ""learning_rate"": 0.0016614957356376875, ""max_dropout"": 0.06050240217879055, ""max_units"": 983, ""momentum"": 0.8707074722660507, ""num_layers"": 5, ""weight_decay"": 0.01145014424140261}"
asha,lcbench,126026,1,19,1,1.0,-56.88632583618164,3.6006650924682617,473.10128808021545,-93.29522705078125,"{""OpenML_task_id"": ""126026"", ""batch_size"": 125, ""learning_rate"": 0.00010384346887249912, ""max_dropout"": 0.2905530953365697, ""max_units"": 611, ""momentum"": 0.5772838544876567, ""num_layers"": 5, ""weight_decay"": 0.05609879338551332}"
asha,lcbench,126026,1,19,2,3.0,-50.98575210571289,19.28009033203125,492.3813784122467,-93.29522705078125,"{""OpenML_task_id"": ""126026"", ""batch_size"": 125, ""learning_rate"": 0.00010384346887249912, ""max_dropout"": 0.2905530953365697, ""max_units"": 611, ""momentum"": 0.5772838544876567, ""num_layers"": 5, ""weight_decay"": 0.05609879338551332}"
asha,lcbench,126026,1,20,1,1.0,-45.564632415771484,19.137855529785156,511.51923394203186,-93.29522705078125,"{""OpenML_task_id"": ""126026"", ""batch_size"": 34, ""learning_rate"": 0.02802022237804295, ""max_dropout"": 0.023764429147961508, ""max_units"": 142, ""momentum"": 0.3908968489005582, ""num_layers"": 1, ""weight_decay"": 0.07344662900885743}"
asha,lcbench,126026,1,21,1,1.0,-46.73857498168945,16.612468719482422,528.1317026615143,-93.29522705078125,"{""OpenML_task_id"": ""126026"", ""batch_size"": 27, ""learning_rate"": 0.014613179043638354, ""max_dropout"": 0.49295982191966736, ""max_units"": 308, ""momentum"": 0.5362322267815455, ""num_layers"": 1, ""weight_decay"": 0.0526345926109254}"
asha,lcbench,126026,1,22,1,1.0,-38.389381408691406,6.940422058105469,535.0721247196198,-93.29522705078125,"{""OpenML_task_id"": ""126026"", ""batch_size"": 109, ""learning_rate"": 0.004471180702990062, ""max_dropout"": 0.7275307428547364, ""max_units"": 88, ""momentum"": 0.9514007270628234, ""num_layers"": 3, ""weight_decay"": 0.025897710265518663}"
asha,lcbench,126026,1,23,1,1.0,-41.58041000366211,5.265663146972656,540.3377878665924,-93.29522705078125,"{""OpenML_task_id"": ""126026"", ""batch_size"": 50, ""learning_rate"": 0.014149446677334993, ""max_dropout"": 0.7027079903871554, ""max_units"": 213, ""momentum"": 0.2574270775121762, ""num_layers"": 3, ""weight_decay"": 0.0703986232216868}"
asha,lcbench,126026,1,24,1,1.0,-50.94937515258789,7.736664772033691,548.0744526386261,-93.29522705078125,"{""OpenML_task_id"": ""126026"", ""batch_size"": 437, ""learning_rate"": 0.0643723626753303, ""max_dropout"": 0.18169001245503924, ""max_units"": 927, ""momentum"": 0.9879761307754945, ""num_layers"": 3, ""weight_decay"": 0.05990867181406567}"
asha,lcbench,126026,1,24,2,3.0,-95.54573822021484,15.467609405517578,563.5420620441437,-95.54573822021484,"{""OpenML_task_id"": ""126026"", ""batch_size"": 437, ""learning_rate"": 0.0643723626753303, ""max_dropout"": 0.18169001245503924, ""max_units"": 927, ""momentum"": 0.9879761307754945, ""num_layers"": 3, ""weight_decay"": 0.05990867181406567}"
asha,lcbench,126026,1,24,3,9.0,-93.59172821044922,59.62351989746094,623.1655819416046,-95.54573822021484,"{""OpenML_task_id"": ""126026"", ""batch_size"": 437, ""learning_rate"": 0.0643723626753303, ""max_dropout"": 0.18169001245503924, ""max_units"": 927, ""momentum"": 0.9879761307754945, ""num_layers"": 3, ""weight_decay"": 0.05990867181406567}"
asha,lcbench,126026,1,24,4,27.0,-92.45618438720703,177.2052764892578,800.3708584308624,-95.54573822021484,"{""OpenML_task_id"": ""126026"", ""batch_size"": 437, ""learning_rate"": 0.0643723626753303, ""max_dropout"": 0.18169001245503924, ""max_units"": 927, ""momentum"": 0.9879761307754945, ""num_layers"": 3, ""weight_decay"": 0.05990867181406567}"
asha,lcbench,126026,1,24,5,52.0,-92.10426330566406,388.1998291015625,1188.570687532425,-95.54573822021484,"{""OpenML_task_id"": ""126026"", ""batch_size"": 437, ""learning_rate"": 0.0643723626753303, ""max_dropout"": 0.18169001245503924, ""max_units"": 927, ""momentum"": 0.9879761307754945, ""num_layers"": 3, ""weight_decay"": 0.05990867181406567}"
asha,lcbench,126026,1,25,1,1.0,-48.03340530395508,3.687122344970703,1192.2578098773956,-95.54573822021484,"{""OpenML_task_id"": ""126026"", ""batch_size"": 32, ""learning_rate"": 0.0003306336918734815, ""max_dropout"": 0.36237855873999725, ""max_units"": 146, ""momentum"": 0.43119970850621514, ""num_layers"": 2, ""weight_decay"": 0.07850244620789668}"
asha,lcbench,126026,1,26,1,1.0,-39.94956970214844,8.315370559692383,1200.573180437088,-95.54573822021484,"{""OpenML_task_id"": ""126026"", ""batch_size"": 32, ""learning_rate"": 0.006483284296734964, ""max_dropout"": 0.7108776598612888, ""max_units"": 297, ""momentum"": 0.5847817304155452, ""num_layers"": 2, ""weight_decay"": 0.01445202444782327}"
asha,lcbench,126026,1,27,1,1.0,-59.08695602416992,2.878329277038574,1203.4515097141266,-95.54573822021484,"{""OpenML_task_id"": ""126026"", ""batch_size"": 49, ""learning_rate"": 0.0014803998903121336, ""max_dropout"": 0.7800439379351805, ""max_units"": 113, ""momentum"": 0.31669844555029847, ""num_layers"": 5, ""weight_decay"": 0.07899665335466098}"
asha,lcbench,126026,1,27,2,3.0,-62.111270904541016,9.259427070617676,1212.7109367847443,-95.54573822021484,"{""OpenML_task_id"": ""126026"", ""batch_size"": 49, ""learning_rate"": 0.0014803998903121336, ""max_dropout"": 0.7800439379351805, ""max_units"": 113, ""momentum"": 0.31669844555029847, ""num_layers"": 5, ""weight_decay"": 0.07899665335466098}"
asha,lcbench,126026,1,28,1,1.0,-53.64451217651367,1.7878533601760864,1214.4987901449203,-95.54573822021484,"{""OpenML_task_id"": ""126026"", ""batch_size"": 131, ""learning_rate"": 0.00024631553536125716, ""max_dropout"": 0.4632009021987493, ""max_units"": 647, ""momentum"": 0.24211807583082365, ""num_layers"": 2, ""weight_decay"": 0.05566006932999991}"
asha,lcbench,126026,1,28,2,3.0,-73.71939849853516,3.8405139446258545,1218.3393040895462,-95.54573822021484,"{""OpenML_task_id"": ""126026"", ""batch_size"": 131, ""learning_rate"": 0.00024631553536125716, ""max_dropout"": 0.4632009021987493, ""max_units"": 647, ""momentum"": 0.24211807583082365, ""num_layers"": 2, ""weight_decay"": 0.05566006932999991}"
asha,lcbench,126026,1,29,1,1.0,-40.00209045410156,11.15730094909668,1229.4966050386429,-95.54573822021484,"{""OpenML_task_id"": ""126026"", ""batch_size"": 75, ""learning_rate"": 0.0016458897627389243, ""max_dropout"": 0.6714009694280926, ""max_units"": 265, ""momentum"": 0.8141993416638312, ""num_layers"": 4, ""weight_decay"": 2.7708229875593854e-05}"
asha,lcbench,126026,1,30,1,1.0,-53.14372253417969,3.2743589878082275,1232.770964026451,-95.54573822021484,"{""OpenML_task_id"": ""126026"", ""batch_size"": 144, ""learning_rate"": 0.00011002345175536378, ""max_dropout"": 0.15142412680807105, ""max_units"": 639, ""momentum"": 0.9231627121915219, ""num_layers"": 2, ""weight_decay"": 0.08792493314902418}"
asha,lcbench,126026,1,30,2,3.0,-81.77233123779297,4.689746856689453,1237.4607108831406,-95.54573822021484,"{""OpenML_task_id"": ""126026"", ""batch_size"": 144, ""learning_rate"": 0.00011002345175536378, ""max_dropout"": 0.15142412680807105, ""max_units"": 639, ""momentum"": 0.9231627121915219, ""num_layers"": 2, ""weight_decay"": 0.08792493314902418}"
asha,lcbench,126026,1,30,3,9.0,-90.49173736572266,14.555625915527344,1252.016336798668,-95.54573822021484,"{""OpenML_task_id"": ""126026"", ""batch_size"": 144, ""learning_rate"": 0.00011002345175536378, ""max_dropout"": 0.15142412680807105, ""max_units"": 639, ""momentum"": 0.9231627121915219, ""num_layers"": 2, ""weight_decay"": 0.08792493314902418}"
asha,lcbench,126026,1,31,1,1.0,-51.51724624633789,3.9464938640594482,1255.9628306627274,-95.54573822021484,"{""OpenML_task_id"": ""126026"", ""batch_size"": 145, ""learning_rate"": 0.006278131395508808, ""max_dropout"": 0.465663336957751, ""max_units"": 589, ""momentum"": 0.3043764384520209, ""num_layers"": 2, ""weight_decay"": 0.0979703090500286}"
asha,lcbench,126026,1,31,2,3.0,-93.22510528564453,6.280837535858154,1262.2436681985855,-95.54573822021484,"{""OpenML_task_id"": ""126026"", ""batch_size"": 145, ""learning_rate"": 0.006278131395508808, ""max_dropout"": 0.465663336957751, ""max_units"": 589, ""momentum"": 0.3043764384520209, ""num_layers"": 2, ""weight_decay"": 0.0979703090500286}"
asha,lcbench,126026,1,31,3,9.0,-91.36527252197266,22.656105041503906,1284.8997732400894,-95.54573822021484,"{""OpenML_task_id"": ""126026"", ""batch_size"": 145, ""learning_rate"": 0.006278131395508808, ""max_dropout"": 0.465663336957751, ""max_units"": 589, ""momentum"": 0.3043764384520209, ""num_layers"": 2, ""weight_decay"": 0.0979703090500286}"
asha,lcbench,126026,1,32,1,1.0,-33.85774230957031,7.506577014923096,1292.4063502550125,-95.54573822021484,"{""OpenML_task_id"": ""126026"", ""batch_size"": 32, ""learning_rate"": 0.0006157090646394453, ""max_dropout"": 0.5318351683644373, ""max_units"": 190, ""momentum"": 0.9490148975603764, ""num_layers"": 3, ""weight_decay"": 0.04684631355735008}"
asha,lcbench,126026,1,33,1,1.0,-51.60626983642578,3.547675132751465,1295.954025387764,-95.54573822021484,"{""OpenML_task_id"": ""126026"", ""batch_size"": 297, ""learning_rate"": 0.0045292255984004425, ""max_dropout"": 0.8221265960342413, ""max_units"": 492, ""momentum"": 0.7973309465829757, ""num_layers"": 2, ""weight_decay"": 0.08966560437446418}"
asha,lcbench,126026,1,33,2,3.0,-92.56926727294922,8.492467880249023,1304.446493268013,-95.54573822021484,"{""OpenML_task_id"": ""126026"", ""batch_size"": 297, ""learning_rate"": 0.0045292255984004425, ""max_dropout"": 0.8221265960342413, ""max_units"": 492, ""momentum"": 0.7973309465829757, ""num_layers"": 2, ""weight_decay"": 0.08966560437446418}"
asha,lcbench,126026,1,33,3,9.0,-92.38740539550781,24.454971313476562,1328.9014645814896,-95.54573822021484,"{""OpenML_task_id"": ""126026"", ""batch_size"": 297, ""learning_rate"": 0.0045292255984004425, ""max_dropout"": 0.8221265960342413, ""max_units"": 492, ""momentum"": 0.7973309465829757, ""num_layers"": 2, ""weight_decay"": 0.08966560437446418}"
asha,lcbench,126026,1,34,1,1.0,-44.687774658203125,11.610504150390625,1340.5119687318802,-95.54573822021484,"{""OpenML_task_id"": ""126026"", ""batch_size"": 24, ""learning_rate"": 0.00020738211651258074, ""max_dropout"": 0.22063320886274174, ""max_units"": 940, ""momentum"": 0.7341362591424754, ""num_layers"": 5, ""weight_decay"": 0.0715373881934619}"
asha,lcbench,126026,1,35,1,1.0,-42.2674560546875,14.208402633666992,1354.7203713655472,-95.54573822021484,"{""OpenML_task_id"": ""126026"", ""batch_size"": 35, ""learning_rate"": 0.015088143653924042, ""max_dropout"": 0.8202542732516526, ""max_units"": 610, ""momentum"": 0.9702480850972078, ""num_layers"": 2, ""weight_decay"": 0.020177679164802363}"
asha,lcbench,126026,1,36,1,1.0,-37.474212646484375,6.2947821617126465,1361.0151535272598,-95.54573822021484,"{""OpenML_task_id"": ""126026"", ""batch_size"": 297, ""learning_rate"": 0.018113190948104325, ""max_dropout"": 0.637932229736733, ""max_units"": 122, ""momentum"": 0.31360041907866587, ""num_layers"": 4, ""weight_decay"": 0.07564365742409943}"
asha,lcbench,126026,1,37,1,1.0,-40.7999382019043,6.328249454498291,1367.3434029817581,-95.54573822021484,"{""OpenML_task_id"": ""126026"", ""batch_size"": 197, ""learning_rate"": 0.0011570621774258743, ""max_dropout"": 0.028077161089254732, ""max_units"": 72, ""momentum"": 0.5190253961181162, ""num_layers"": 4, ""weight_decay"": 0.05652958559954554}"
asha,lcbench,126026,1,38,1,1.0,-37.717288970947266,9.19806957244873,1376.5414725542068,-95.54573822021484,"{""OpenML_task_id"": ""126026"", ""batch_size"": 197, ""learning_rate"": 0.0008858641724590681, ""max_dropout"": 0.1549694083086599, ""max_units"": 356, ""momentum"": 0.2659384484795808, ""num_layers"": 4, ""weight_decay"": 0.028072603963615557}"
asha,lcbench,126026,1,39,1,1.0,-41.90143966674805,5.183389186859131,1381.724861741066,-95.54573822021484,"{""OpenML_task_id"": ""126026"", ""batch_size"": 19, ""learning_rate"": 0.0015956093809114547, ""max_dropout"": 0.9096459223683147, ""max_units"": 100, ""momentum"": 0.6101294923258404, ""num_layers"": 2, ""weight_decay"": 0.03650730294190356}"
asha,lcbench,126026,1,40,1,1.0,-44.93531799316406,7.28485631942749,1389.0097180604935,-95.54573822021484,"{""OpenML_task_id"": ""126026"", ""batch_size"": 103, ""learning_rate"": 0.017374381438080323, ""max_dropout"": 0.1324224821872354, ""max_units"": 85, ""momentum"": 0.27509660417209697, ""num_layers"": 2, ""weight_decay"": 0.055397256156554005}"
asha,lcbench,126026,1,41,1,1.0,-37.1805534362793,7.728298187255859,1396.7380162477493,-95.54573822021484,"{""OpenML_task_id"": ""126026"", ""batch_size"": 184, ""learning_rate"": 0.0011239794249115035, ""max_dropout"": 0.7263407727821987, ""max_units"": 160, ""momentum"": 0.6427814845145103, ""num_layers"": 4, ""weight_decay"": 0.007906033237553753}"
asha,lcbench,126026,1,42,1,1.0,-37.98531723022461,9.301260948181152,1406.0392771959305,-95.54573822021484,"{""OpenML_task_id"": ""126026"", ""batch_size"": 28, ""learning_rate"": 0.006959698822804474, ""max_dropout"": 0.33509695396539896, ""max_units"": 334, ""momentum"": 0.29924453978812876, ""num_layers"": 3, ""weight_decay"": 0.05960827676321687}"
asha,lcbench,126026,1,43,1,1.0,-39.46485137939453,2.6510305404663086,1408.6903077363968,-95.54573822021484,"{""OpenML_task_id"": ""126026"", ""batch_size"": 330, ""learning_rate"": 0.0001967933531439303, ""max_dropout"": 0.3351627993945905, ""max_units"": 78, ""momentum"": 0.3837106777709347, ""num_layers"": 4, ""weight_decay"": 0.05444036505316242}"
asha,lcbench,126026,1,44,1,1.0,-45.52619171142578,13.93927001953125,1422.629577755928,-95.54573822021484,"{""OpenML_task_id"": ""126026"", ""batch_size"": 80, ""learning_rate"": 0.004894502950690313, ""max_dropout"": 0.3998563186423387, ""max_units"": 407, ""momentum"": 0.7837971658230497, ""num_layers"": 1, ""weight_decay"": 0.05287515172739498}"
asha,lcbench,126026,1,45,1,1.0,-41.95277786254883,23.541595458984375,1446.1711732149124,-95.54573822021484,"{""OpenML_task_id"": ""126026"", ""batch_size"": 22, ""learning_rate"": 0.03576351792130888, ""max_dropout"": 0.14292368688437018, ""max_units"": 572, ""momentum"": 0.6687613609218883, ""num_layers"": 3, ""weight_decay"": 0.022317695113905325}"
asha,lcbench,126026,1,46,1,1.0,-39.69783401489258,5.4776225090026855,1451.648795723915,-95.54573822021484,"{""OpenML_task_id"": ""126026"", ""batch_size"": 58, ""learning_rate"": 0.0003423236968736271, ""max_dropout"": 0.6837203734242928, ""max_units"": 142, ""momentum"": 0.7450606820278621, ""num_layers"": 3, ""weight_decay"": 0.09070919380918514}"
asha,lcbench,126026,1,47,1,1.0,-44.14886474609375,19.43906021118164,1471.0878559350967,-95.54573822021484,"{""OpenML_task_id"": ""126026"", ""batch_size"": 61, ""learning_rate"": 0.053331107211531975, ""max_dropout"": 0.6516117412873316, ""max_units"": 743, ""momentum"": 0.6187231579698618, ""num_layers"": 5, ""weight_decay"": 0.06809040582006631}"
asha,lcbench,126026,1,48,1,1.0,-51.40567398071289,3.0024373531341553,1474.090293288231,-95.54573822021484,"{""OpenML_task_id"": ""126026"", ""batch_size"": 190, ""learning_rate"": 0.00033311289428539383, ""max_dropout"": 0.7582387803507663, ""max_units"": 113, ""momentum"": 0.8814517154351391, ""num_layers"": 2, ""weight_decay"": 0.08721437916258554}"
asha,lcbench,126026,1,48,2,3.0,-82.27081298828125,7.120308876037598,1481.2106021642685,-95.54573822021484,"{""OpenML_task_id"": ""126026"", ""batch_size"": 190, ""learning_rate"": 0.00033311289428539383, ""max_dropout"": 0.7582387803507663, ""max_units"": 113, ""momentum"": 0.8814517154351391, ""num_layers"": 2, ""weight_decay"": 0.08721437916258554}"
asha,lcbench,126026,1,49,1,1.0,-47.142093658447266,14.314382553100586,1495.524984717369,-95.54573822021484,"{""OpenML_task_id"": ""126026"", ""batch_size"": 47, ""learning_rate"": 0.044688175022855166, ""max_dropout"": 0.43863111025521606, ""max_units"": 523, ""momentum"": 0.43132921962711845, ""num_layers"": 5, ""weight_decay"": 0.008206181250253509}"
asha,lcbench,126026,1,50,1,1.0,-36.37671661376953,4.561455249786377,1500.0864399671555,-95.54573822021484,"{""OpenML_task_id"": ""126026"", ""batch_size"": 130, ""learning_rate"": 0.00016630295736569592, ""max_dropout"": 0.7887524695380073, ""max_units"": 472, ""momentum"": 0.17706110459233673, ""num_layers"": 4, ""weight_decay"": 0.030949546113514737}"
asha,lcbench,126026,1,51,1,1.0,-36.864288330078125,12.182236671447754,1512.2686766386032,-95.54573822021484,"{""OpenML_task_id"": ""126026"", ""batch_size"": 26, ""learning_rate"": 0.0379567276349959, ""max_dropout"": 0.7357469952889522, ""max_units"": 176, ""momentum"": 0.5646347938771448, ""num_layers"": 3, ""weight_decay"": 0.005345476806864366}"
asha,lcbench,126026,1,52,1,1.0,-50.420101165771484,8.973560333251953,1521.2422369718552,-95.54573822021484,"{""OpenML_task_id"": ""126026"", ""batch_size"": 22, ""learning_rate"": 0.04538982397762507, ""max_dropout"": 0.4410300091764455, ""max_units"": 723, ""momentum"": 0.9688823226847884, ""num_layers"": 1, ""weight_decay"": 0.042427776162074514}"
asha,lcbench,126026,1,52,2,3.0,-92.0052261352539,9.358433723449707,1530.6006706953049,-95.54573822021484,"{""OpenML_task_id"": ""126026"", ""batch_size"": 22, ""learning_rate"": 0.04538982397762507, ""max_dropout"": 0.4410300091764455, ""max_units"": 723, ""momentum"": 0.9688823226847884, ""num_layers"": 1, ""weight_decay"": 0.042427776162074514}"
asha,lcbench,126026,1,52,3,9.0,-90.95254516601562,32.41321563720703,1563.013886332512,-95.54573822021484,"{""OpenML_task_id"": ""126026"", ""batch_size"": 22, ""learning_rate"": 0.04538982397762507, ""max_dropout"": 0.4410300091764455, ""max_units"": 723, ""momentum"": 0.9688823226847884, ""num_layers"": 1, ""weight_decay"": 0.042427776162074514}"
asha,lcbench,126026,1,53,1,1.0,-41.99433517456055,6.925083160400391,1569.9389694929123,-95.54573822021484,"{""OpenML_task_id"": ""126026"", ""batch_size"": 51, ""learning_rate"": 0.0455850409214354, ""max_dropout"": 0.466732753862671, ""max_units"": 112, ""momentum"": 0.7434866704561198, ""num_layers"": 3, ""weight_decay"": 0.06307594919011184}"
asha,lcbench,126026,1,54,1,1.0,-50.129051208496094,3.4430899620056152,1573.382059454918,-95.54573822021484,"{""OpenML_task_id"": ""126026"", ""batch_size"": 26, ""learning_rate"": 0.0003886763451464145, ""max_dropout"": 0.4673198667288213, ""max_units"": 269, ""momentum"": 0.2693720841677766, ""num_layers"": 5, ""weight_decay"": 0.029278023383524976}"
asha,lcbench,126026,1,54,2,3.0,-55.90470504760742,13.540451049804688,1586.9225105047226,-95.54573822021484,"{""OpenML_task_id"": ""126026"", ""batch_size"": 26, ""learning_rate"": 0.0003886763451464145, ""max_dropout"": 0.4673198667288213, ""max_units"": 269, ""momentum"": 0.2693720841677766, ""num_layers"": 5, ""weight_decay"": 0.029278023383524976}"
asha,lcbench,126026,1,55,1,1.0,-42.81022262573242,6.685234069824219,1593.6077445745468,-95.54573822021484,"{""OpenML_task_id"": ""126026"", ""batch_size"": 80, ""learning_rate"": 0.009136167296631581, ""max_dropout"": 0.5993836920052137, ""max_units"": 124, ""momentum"": 0.8045702534148296, ""num_layers"": 2, ""weight_decay"": 0.047537751458068}"
asha,lcbench,126026,1,56,1,1.0,-49.97918701171875,16.170421600341797,1609.7781661748886,-95.54573822021484,"{""OpenML_task_id"": ""126026"", ""batch_size"": 45, ""learning_rate"": 0.011764862718315174, ""max_dropout"": 0.2646125669218107, ""max_units"": 96, ""momentum"": 0.23644210573034122, ""num_layers"": 1, ""weight_decay"": 0.05651921840761173}"
asha,lcbench,126026,1,56,2,3.0,-93.13314056396484,13.318730354309082,1623.0968965291977,-95.54573822021484,"{""OpenML_task_id"": ""126026"", ""batch_size"": 45, ""learning_rate"": 0.011764862718315174, ""max_dropout"": 0.2646125669218107, ""max_units"": 96, ""momentum"": 0.23644210573034122, ""num_layers"": 1, ""weight_decay"": 0.05651921840761173}"
asha,lcbench,126026,1,56,3,9.0,-92.1444091796875,21.203067779541016,1644.2999643087387,-95.54573822021484,"{""OpenML_task_id"": ""126026"", ""batch_size"": 45, ""learning_rate"": 0.011764862718315174, ""max_dropout"": 0.2646125669218107, ""max_units"": 96, ""momentum"": 0.23644210573034122, ""num_layers"": 1, ""weight_decay"": 0.05651921840761173}"
asha,lcbench,126026,1,57,1,1.0,-46.867958068847656,6.457935333251953,1650.7578996419907,-95.54573822021484,"{""OpenML_task_id"": ""126026"", ""batch_size"": 103, ""learning_rate"": 0.06678212655430459, ""max_dropout"": 0.8217505944907458, ""max_units"": 210, ""momentum"": 0.6812066803481461, ""num_layers"": 3, ""weight_decay"": 0.04344664114940934}"
asha,lcbench,126026,1,58,1,1.0,-36.06562423706055,8.818774223327637,1659.5766738653183,-95.54573822021484,"{""OpenML_task_id"": ""126026"", ""batch_size"": 83, ""learning_rate"": 0.06374853090401797, ""max_dropout"": 0.09195542983271654, ""max_units"": 127, ""momentum"": 0.407574570292477, ""num_layers"": 4, ""weight_decay"": 0.07936225370513343}"
asha,lcbench,126026,1,59,1,1.0,-48.58717727661133,4.131958484649658,1663.708632349968,-95.54573822021484,"{""OpenML_task_id"": ""126026"", ""batch_size"": 48, ""learning_rate"": 0.00026691573321353145, ""max_dropout"": 0.09097635868926379, ""max_units"": 195, ""momentum"": 0.4003444718831959, ""num_layers"": 2, ""weight_decay"": 0.025132466375039804}"
asha,lcbench,126026,1,60,1,1.0,-43.17177200317383,8.747655868530273,1672.4562882184982,-95.54573822021484,"{""OpenML_task_id"": ""126026"", ""batch_size"": 55, ""learning_rate"": 0.08138027376935952, ""max_dropout"": 0.29057504738246265, ""max_units"": 241, ""momentum"": 0.20098786964058984, ""num_layers"": 3, ""weight_decay"": 0.026149838653298084}"
asha,lcbench,126026,1,61,1,1.0,-29.766250610351562,10.711071014404297,1683.1673592329025,-95.54573822021484,"{""OpenML_task_id"": ""126026"", ""batch_size"": 19, ""learning_rate"": 0.00288724952988001, ""max_dropout"": 0.5314226239956176, ""max_units"": 185, ""momentum"": 0.17279934541010328, ""num_layers"": 4, ""weight_decay"": 0.027901417140776215}"
asha,lcbench,126026,1,62,1,1.0,-42.12557601928711,2.181094169616699,1685.3484534025192,-95.54573822021484,"{""OpenML_task_id"": ""126026"", ""batch_size"": 71, ""learning_rate"": 0.00011273017489580346, ""max_dropout"": 0.8674774925049795, ""max_units"": 216, ""momentum"": 0.29579329983334707, ""num_layers"": 3, ""weight_decay"": 0.09280239446139586}"
asha,lcbench,126026,1,63,1,1.0,-47.26538848876953,8.297242164611816,1693.645695567131,-95.54573822021484,"{""OpenML_task_id"": ""126026"", ""batch_size"": 377, ""learning_rate"": 0.002953000589223415, ""max_dropout"": 0.3483488228408289, ""max_units"": 871, ""momentum"": 0.6415777060669908, ""num_layers"": 5, ""weight_decay"": 0.058887123396318304}"
asha,lcbench,126026,1,64,1,1.0,-54.7733154296875,9.188308715820312,1702.8340042829514,-95.54573822021484,"{""OpenML_task_id"": ""126026"", ""batch_size"": 97, ""learning_rate"": 0.014874221771725642, ""max_dropout"": 0.7276935286826139, ""max_units"": 333, ""momentum"": 0.12540718405164644, ""num_layers"": 1, ""weight_decay"": 0.033929363077214995}"
asha,lcbench,126026,1,64,2,3.0,-93.12093353271484,9.51322078704834,1712.3472250699997,-95.54573822021484,"{""OpenML_task_id"": ""126026"", ""batch_size"": 97, ""learning_rate"": 0.014874221771725642, ""max_dropout"": 0.7276935286826139, ""max_units"": 333, ""momentum"": 0.12540718405164644, ""num_layers"": 1, ""weight_decay"": 0.033929363077214995}"
asha,lcbench,126026,1,64,3,9.0,-91.46221923828125,14.944683074951172,1727.2919081449509,-95.54573822021484,"{""OpenML_task_id"": ""126026"", ""batch_size"": 97, ""learning_rate"": 0.014874221771725642, ""max_dropout"": 0.7276935286826139, ""max_units"": 333, ""momentum"": 0.12540718405164644, ""num_layers"": 1, ""weight_decay"": 0.033929363077214995}"
asha,lcbench,126026,1,65,1,1.0,-36.234619140625,6.586226463317871,1733.8781346082687,-95.54573822021484,"{""OpenML_task_id"": ""126026"", ""batch_size"": 173, ""learning_rate"": 0.0006111154619985249, ""max_dropout"": 0.9632723563062866, ""max_units"": 109, ""momentum"": 0.8063730206345323, ""num_layers"": 4, ""weight_decay"": 0.03407664681610329}"
asha,lcbench,126026,1,66,1,1.0,-38.095970153808594,6.561126232147217,1740.439260840416,-95.54573822021484,"{""OpenML_task_id"": ""126026"", ""batch_size"": 310, ""learning_rate"": 0.0003686986103419125, ""max_dropout"": 0.8976229130153817, ""max_units"": 161, ""momentum"": 0.73788357418888, ""num_layers"": 4, ""weight_decay"": 0.021433655073543702}"
asha,lcbench,126026,1,67,1,1.0,-39.56600570678711,10.363847732543945,1750.80310857296,-95.54573822021484,"{""OpenML_task_id"": ""126026"", ""batch_size"": 128, ""learning_rate"": 0.0009486142258088308, ""max_dropout"": 0.4792101719503449, ""max_units"": 935, ""momentum"": 0.1972709236170762, ""num_layers"": 4, ""weight_decay"": 0.08276392828270952}"
asha,lcbench,126026,1,68,1,1.0,-43.29072570800781,8.994477272033691,1759.7975858449936,-95.54573822021484,"{""OpenML_task_id"": ""126026"", ""batch_size"": 35, ""learning_rate"": 0.059789089171736115, ""max_dropout"": 0.3515015045375134, ""max_units"": 462, ""momentum"": 0.12855238730962085, ""num_layers"": 2, ""weight_decay"": 0.08645720138489907}"
asha,lcbench,126026,1,69,1,1.0,-45.553531646728516,9.324966430664062,1769.1225522756577,-95.54573822021484,"{""OpenML_task_id"": ""126026"", ""batch_size"": 68, ""learning_rate"": 0.005153866289987582, ""max_dropout"": 0.9942555466109984, ""max_units"": 1004, ""momentum"": 0.6452915115463784, ""num_layers"": 3, ""weight_decay"": 0.06130533624910222}"
asha,lcbench,126026,1,70,1,1.0,-37.526424407958984,9.603860855102539,1778.7264131307602,-95.54573822021484,"{""OpenML_task_id"": ""126026"", ""batch_size"": 212, ""learning_rate"": 0.00485519451942207, ""max_dropout"": 0.5131483501020156, ""max_units"": 169, ""momentum"": 0.2162200758443839, ""num_layers"": 4, ""weight_decay"": 0.005393687870604794}"
asha,lcbench,126026,1,71,1,1.0,-49.417179107666016,13.187650680541992,1791.9140638113022,-95.54573822021484,"{""OpenML_task_id"": ""126026"", ""batch_size"": 34, ""learning_rate"": 0.0004540770661851002, ""max_dropout"": 0.26944525881524406, ""max_units"": 170, ""momentum"": 0.9372315016554421, ""num_layers"": 1, ""weight_decay"": 0.06480750044758925}"
asha,lcbench,126026,1,71,2,3.0,-92.54463958740234,11.022037506103516,1802.9361013174057,-95.54573822021484,"{""OpenML_task_id"": ""126026"", ""batch_size"": 34, ""learning_rate"": 0.0004540770661851002, ""max_dropout"": 0.26944525881524406, ""max_units"": 170, ""momentum"": 0.9372315016554421, ""num_layers"": 1, ""weight_decay"": 0.06480750044758925}"
asha,lcbench,126026,1,71,3,9.0,-92.50932312011719,23.55135726928711,1826.4874585866928,-95.54573822021484,"{""OpenML_task_id"": ""126026"", ""batch_size"": 34, ""learning_rate"": 0.0004540770661851002, ""max_dropout"": 0.26944525881524406, ""max_units"": 170, ""momentum"": 0.9372315016554421, ""num_layers"": 1, ""weight_decay"": 0.06480750044758925}"
asha,lcbench,126026,1,71,4,27.0,-91.57727813720703,55.17237091064453,1881.6598294973373,-95.54573822021484,"{""OpenML_task_id"": ""126026"", ""batch_size"": 34, ""learning_rate"": 0.0004540770661851002, ""max_dropout"": 0.26944525881524406, ""max_units"": 170, ""momentum"": 0.9372315016554421, ""num_layers"": 1, ""weight_decay"": 0.06480750044758925}"
asha,lcbench,126026,1,72,1,1.0,-31.013080596923828,10.441937446594238,1892.1017669439316,-95.54573822021484,"{""OpenML_task_id"": ""126026"", ""batch_size"": 44, ""learning_rate"": 0.05181281066650559, ""max_dropout"": 0.7350982736828043, ""max_units"": 223, ""momentum"": 0.21482980942769975, ""num_layers"": 4, ""weight_decay"": 0.004603681083679332}"
asha,lcbench,126026,1,73,1,1.0,-36.014617919921875,8.972166061401367,1901.073933005333,-95.54573822021484,"{""OpenML_task_id"": ""126026"", ""batch_size"": 85, ""learning_rate"": 0.001861900457381115, ""max_dropout"": 0.39719790963134916, ""max_units"": 165, ""momentum"": 0.8197840284835481, ""num_layers"": 4, ""weight_decay"": 0.09572652010464898}"
asha,lcbench,126026,1,74,1,1.0,-43.25078582763672,9.801876068115234,1910.8758090734482,-95.54573822021484,"{""OpenML_task_id"": ""126026"", ""batch_size"": 17, ""learning_rate"": 0.07174386298145799, ""max_dropout"": 0.6844065996206024, ""max_units"": 266, ""momentum"": 0.638650792071057, ""num_layers"": 5, ""weight_decay"": 0.08091213484013478}"
asha,lcbench,126026,1,75,1,1.0,-37.842586517333984,11.627237319946289,1922.5030463933945,-95.54573822021484,"{""OpenML_task_id"": ""126026"", ""batch_size"": 463, ""learning_rate"": 0.07144499930376147, ""max_dropout"": 0.8307548008600264, ""max_units"": 349, ""momentum"": 0.9341776847799327, ""num_layers"": 4, ""weight_decay"": 0.02582098703295263}"
asha,lcbench,126026,1,76,1,1.0,-54.50334167480469,2.985703706741333,1925.4887501001358,-95.54573822021484,"{""OpenML_task_id"": ""126026"", ""batch_size"": 287, ""learning_rate"": 0.0028423128255701644, ""max_dropout"": 0.4459875259915693, ""max_units"": 582, ""momentum"": 0.12926696088152298, ""num_layers"": 1, ""weight_decay"": 0.06839108959628293}"
asha,lcbench,126026,1,76,2,3.0,-83.45704650878906,7.91655158996582,1933.4053016901016,-95.54573822021484,"{""OpenML_task_id"": ""126026"", ""batch_size"": 287, ""learning_rate"": 0.0028423128255701644, ""max_dropout"": 0.4459875259915693, ""max_units"": 582, ""momentum"": 0.12926696088152298, ""num_layers"": 1, ""weight_decay"": 0.06839108959628293}"
asha,lcbench,126026,1,77,1,1.0,-43.340171813964844,8.121539115905762,1941.5268408060074,-95.54573822021484,"{""OpenML_task_id"": ""126026"", ""batch_size"": 203, ""learning_rate"": 0.020183042875160945, ""max_dropout"": 0.13664332428654113, ""max_units"": 200, ""momentum"": 0.4878808124528905, ""num_layers"": 2, ""weight_decay"": 0.01379031047471085}"
asha,lcbench,126026,1,78,1,1.0,-48.53868103027344,12.044184684753418,1953.5710254907608,-95.54573822021484,"{""OpenML_task_id"": ""126026"", ""batch_size"": 36, ""learning_rate"": 0.04432174000878423, ""max_dropout"": 0.5172500495528141, ""max_units"": 552, ""momentum"": 0.35828008531923783, ""num_layers"": 1, ""weight_decay"": 0.038371867953226474}"
asha,lcbench,126026,1,78,2,3.0,-94.01956939697266,9.973395347595215,1963.544420838356,-95.54573822021484,"{""OpenML_task_id"": ""126026"", ""batch_size"": 36, ""learning_rate"": 0.04432174000878423, ""max_dropout"": 0.5172500495528141, ""max_units"": 552, ""momentum"": 0.35828008531923783, ""num_layers"": 1, ""weight_decay"": 0.038371867953226474}"
asha,lcbench,126026,1,78,3,9.0,-92.15933227539062,17.500747680664062,1981.04516851902,-95.54573822021484,"{""OpenML_task_id"": ""126026"", ""batch_size"": 36, ""learning_rate"": 0.04432174000878423, ""max_dropout"": 0.5172500495528141, ""max_units"": 552, ""momentum"": 0.35828008531923783, ""num_layers"": 1, ""weight_decay"": 0.038371867953226474}"
asha,lcbench,126026,1,79,1,1.0,-41.678955078125,8.592869758605957,1989.638038277626,-95.54573822021484,"{""OpenML_task_id"": ""126026"", ""batch_size"": 51, ""learning_rate"": 0.07075365086423178, ""max_dropout"": 0.3068202521668826, ""max_units"": 70, ""momentum"": 0.7297272550164424, ""num_layers"": 2, ""weight_decay"": 0.044703184734010235}"
asha,lcbench,126026,1,80,1,1.0,-51.066925048828125,2.409787178039551,1992.0478254556656,-95.54573822021484,"{""OpenML_task_id"": ""126026"", ""batch_size"": 170, ""learning_rate"": 0.00029515229641567604, ""max_dropout"": 0.3386666488929242, ""max_units"": 83, ""momentum"": 0.38235521297948794, ""num_layers"": 2, ""weight_decay"": 0.03927538372580375}"
asha,lcbench,126026,1,80,2,3.0,-60.55612564086914,6.860937118530273,1998.9087625741959,-95.54573822021484,"{""OpenML_task_id"": ""126026"", ""batch_size"": 170, ""learning_rate"": 0.00029515229641567604, ""max_dropout"": 0.3386666488929242, ""max_units"": 83, ""momentum"": 0.38235521297948794, ""num_layers"": 2, ""weight_decay"": 0.03927538372580375}"
asha,lcbench,126026,1,81,1,1.0,-47.459468841552734,4.525198936462402,2003.4339615106583,-95.54573822021484,"{""OpenML_task_id"": ""126026"", ""batch_size"": 441, ""learning_rate"": 0.0014127055735405096, ""max_dropout"": 0.8881041073567078, ""max_units"": 270, ""momentum"": 0.5079297681812025, ""num_layers"": 3, ""weight_decay"": 0.013800385570137595}"
asha,lcbench,126026,1,81,2,3.0,-54.5267448425293,15.013011932373047,2018.4469734430313,-95.54573822021484,"{""OpenML_task_id"": ""126026"", ""batch_size"": 441, ""learning_rate"": 0.0014127055735405096, ""max_dropout"": 0.8881041073567078, ""max_units"": 270, ""momentum"": 0.5079297681812025, ""num_layers"": 3, ""weight_decay"": 0.013800385570137595}"
asha,lcbench,126026,1,82,1,1.0,-39.8995361328125,7.682280540466309,2026.1292539834976,-95.54573822021484,"{""OpenML_task_id"": ""126026"", ""batch_size"": 17, ""learning_rate"": 0.0020271272248579973, ""max_dropout"": 0.9402765837849755, ""max_units"": 473, ""momentum"": 0.20855892452653824, ""num_layers"": 3, ""weight_decay"": 0.05554510421106928}"
asha,lcbench,126026,1,83,1,1.0,-28.137346267700195,17.488197326660156,2043.6174513101578,-95.54573822021484,"{""OpenML_task_id"": ""126026"", ""batch_size"": 37, ""learning_rate"": 0.05077792256419696, ""max_dropout"": 0.5038281338437332, ""max_units"": 331, ""momentum"": 0.8547048080495966, ""num_layers"": 4, ""weight_decay"": 0.0712097995287624}"
asha,lcbench,126026,1,84,1,1.0,-53.27585983276367,2.789083242416382,2046.4065345525742,-95.54573822021484,"{""OpenML_task_id"": ""126026"", ""batch_size"": 474, ""learning_rate"": 0.0015259348730012456, ""max_dropout"": 0.7614389379777853, ""max_units"": 829, ""momentum"": 0.8566861620199551, ""num_layers"": 1, ""weight_decay"": 0.07080708607448227}"
asha,lcbench,126026,1,84,2,3.0,-86.0575942993164,7.316929340362549,2053.7234638929367,-95.54573822021484,"{""OpenML_task_id"": ""126026"", ""batch_size"": 474, ""learning_rate"": 0.0015259348730012456, ""max_dropout"": 0.7614389379777853, ""max_units"": 829, ""momentum"": 0.8566861620199551, ""num_layers"": 1, ""weight_decay"": 0.07080708607448227}"
asha,lcbench,126026,1,85,1,1.0,-30.72465705871582,7.3601579666137695,2061.0836218595505,-95.54573822021484,"{""OpenML_task_id"": ""126026"", ""batch_size"": 22, ""learning_rate"": 0.00022569799159488492, ""max_dropout"": 0.49862199667070317, ""max_units"": 205, ""momentum"": 0.6634381929847012, ""num_layers"": 4, ""weight_decay"": 0.0938188584904468}"
asha,lcbench,126026,1,86,1,1.0,-58.51948547363281,3.622976541519165,2064.7065984010696,-95.54573822021484,"{""OpenML_task_id"": ""126026"", ""batch_size"": 261, ""learning_rate"": 0.0005093499292073574, ""max_dropout"": 0.9494298762470629, ""max_units"": 86, ""momentum"": 0.6235694219878093, ""num_layers"": 5, ""weight_decay"": 0.040807038312324254}"
asha,lcbench,126026,1,86,2,3.0,-50.40597915649414,13.288052558898926,2077.9946509599686,-95.54573822021484,"{""OpenML_task_id"": ""126026"", ""batch_size"": 261, ""learning_rate"": 0.0005093499292073574, ""max_dropout"": 0.9494298762470629, ""max_units"": 86, ""momentum"": 0.6235694219878093, ""num_layers"": 5, ""weight_decay"": 0.040807038312324254}"
asha,lcbench,126026,1,87,1,1.0,-36.42015838623047,3.5169968605041504,2081.5116478204727,-95.54573822021484,"{""OpenML_task_id"": ""126026"", ""batch_size"": 93, ""learning_rate"": 0.00023939764366192898, ""max_dropout"": 0.6002533949790991, ""max_units"": 112, ""momentum"": 0.529587046148911, ""num_layers"": 4, ""weight_decay"": 0.08099596159913454}"
asha,lcbench,126026,1,88,1,1.0,-55.22179412841797,4.859871864318848,2086.3715196847916,-95.54573822021484,"{""OpenML_task_id"": ""126026"", ""batch_size"": 113, ""learning_rate"": 0.0650979293683452, ""max_dropout"": 0.38453022908478096, ""max_units"": 192, ""momentum"": 0.5171623954630123, ""num_layers"": 5, ""weight_decay"": 0.052360024002150056}"
asha,lcbench,126026,1,88,2,3.0,-91.89530944824219,4.9686408042907715,2091.3401604890823,-95.54573822021484,"{""OpenML_task_id"": ""126026"", ""batch_size"": 113, ""learning_rate"": 0.0650979293683452, ""max_dropout"": 0.38453022908478096, ""max_units"": 192, ""momentum"": 0.5171623954630123, ""num_layers"": 5, ""weight_decay"": 0.052360024002150056}"
asha,lcbench,126026,1,88,3,9.0,-92.2382583618164,16.339153289794922,2107.6793137788773,-95.54573822021484,"{""OpenML_task_id"": ""126026"", ""batch_size"": 113, ""learning_rate"": 0.0650979293683452, ""max_dropout"": 0.38453022908478096, ""max_units"": 192, ""momentum"": 0.5171623954630123, ""num_layers"": 5, ""weight_decay"": 0.052360024002150056}"
asha,lcbench,126026,1,89,1,1.0,-37.12910461425781,11.879636764526367,2119.5589505434036,-95.54573822021484,"{""OpenML_task_id"": ""126026"", ""batch_size"": 38, ""learning_rate"": 0.011950744603817363, ""max_dropout"": 0.9597985559099721, ""max_units"": 102, ""momentum"": 0.8959784579626929, ""num_layers"": 3, ""weight_decay"": 0.06952984234637635}"
asha,lcbench,126026,1,90,1,1.0,-48.230010986328125,17.39755630493164,2136.9565068483353,-95.54573822021484,"{""OpenML_task_id"": ""126026"", ""batch_size"": 23, ""learning_rate"": 0.0008142264557262015, ""max_dropout"": 0.4931049919449919, ""max_units"": 76, ""momentum"": 0.9785546525512632, ""num_layers"": 1, ""weight_decay"": 0.03022252118989978}"
asha,lcbench,126026,1,90,2,3.0,-93.83126831054688,9.980367660522461,2146.9368745088577,-95.54573822021484,"{""OpenML_task_id"": ""126026"", ""batch_size"": 23, ""learning_rate"": 0.0008142264557262015, ""max_dropout"": 0.4931049919449919, ""max_units"": 76, ""momentum"": 0.9785546525512632, ""num_layers"": 1, ""weight_decay"": 0.03022252118989978}"
asha,lcbench,126026,1,90,3,9.0,-92.96092987060547,32.00324249267578,2178.9401170015335,-95.54573822021484,"{""OpenML_task_id"": ""126026"", ""batch_size"": 23, ""learning_rate"": 0.0008142264557262015, ""max_dropout"": 0.4931049919449919, ""max_units"": 76, ""momentum"": 0.9785546525512632, ""num_layers"": 1, ""weight_decay"": 0.03022252118989978}"
asha,lcbench,126026,1,90,4,27.0,-92.25675964355469,76.32091522216797,2255.2610322237015,-95.54573822021484,"{""OpenML_task_id"": ""126026"", ""batch_size"": 23, ""learning_rate"": 0.0008142264557262015, ""max_dropout"": 0.4931049919449919, ""max_units"": 76, ""momentum"": 0.9785546525512632, ""num_layers"": 1, ""weight_decay"": 0.03022252118989978}"
asha,lcbench,126026,1,91,1,1.0,-44.68280792236328,8.716978073120117,2263.9780102968216,-95.54573822021484,"{""OpenML_task_id"": ""126026"", ""batch_size"": 85, ""learning_rate"": 0.08372531267810346, ""max_dropout"": 0.7115198600877, ""max_units"": 659, ""momentum"": 0.674283589358914, ""num_layers"": 2, ""weight_decay"": 0.013885409000635786}"
asha,lcbench,126026,1,92,1,1.0,-46.58694076538086,8.824352264404297,2272.802362561226,-95.54573822021484,"{""OpenML_task_id"": ""126026"", ""batch_size"": 155, ""learning_rate"": 0.03775821385089783, ""max_dropout"": 0.2566015679850264, ""max_units"": 661, ""momentum"": 0.4149697306876, ""num_layers"": 1, ""weight_decay"": 0.010043508980766013}"
asha,lcbench,126026,1,93,1,1.0,-47.178287506103516,12.89620590209961,2285.6985684633255,-95.54573822021484,"{""OpenML_task_id"": ""126026"", ""batch_size"": 23, ""learning_rate"": 0.002909963221090805, ""max_dropout"": 0.46326690670360526, ""max_units"": 600, ""momentum"": 0.6911994111645556, ""num_layers"": 1, ""weight_decay"": 0.07282432096140112}"
asha,lcbench,126026,1,94,1,1.0,-56.8229866027832,8.076915740966797,2293.7754842042923,-95.54573822021484,"{""OpenML_task_id"": ""126026"", ""batch_size"": 32, ""learning_rate"": 0.003305822868386984, ""max_dropout"": 0.21310128477189128, ""max_units"": 122, ""momentum"": 0.20451606928136146, ""num_layers"": 1, ""weight_decay"": 0.00366611192844297}"
asha,lcbench,126026,1,94,2,3.0,-93.67512512207031,8.475733757019043,2302.2512179613113,-95.54573822021484,"{""OpenML_task_id"": ""126026"", ""batch_size"": 32, ""learning_rate"": 0.003305822868386984, ""max_dropout"": 0.21310128477189128, ""max_units"": 122, ""momentum"": 0.20451606928136146, ""num_layers"": 1, ""weight_decay"": 0.00366611192844297}"
asha,lcbench,126026,1,94,3,9.0,-94.10115814208984,14.144257545471191,2316.3954755067825,-95.54573822021484,"{""OpenML_task_id"": ""126026"", ""batch_size"": 32, ""learning_rate"": 0.003305822868386984, ""max_dropout"": 0.21310128477189128, ""max_units"": 122, ""momentum"": 0.20451606928136146, ""num_layers"": 1, ""weight_decay"": 0.00366611192844297}"
asha,lcbench,126026,1,94,4,27.0,-93.96231842041016,29.632640838623047,2346.0281163454056,-95.54573822021484,"{""OpenML_task_id"": ""126026"", ""batch_size"": 32, ""learning_rate"": 0.003305822868386984, ""max_dropout"": 0.21310128477189128, ""max_units"": 122, ""momentum"": 0.20451606928136146, ""num_layers"": 1, ""weight_decay"": 0.00366611192844297}"
asha,lcbench,126026,1,94,5,52.0,-93.61266326904297,61.69152069091797,2407.7196370363235,-95.54573822021484,"{""OpenML_task_id"": ""126026"", ""batch_size"": 32, ""learning_rate"": 0.003305822868386984, ""max_dropout"": 0.21310128477189128, ""max_units"": 122, ""momentum"": 0.20451606928136146, ""num_layers"": 1, ""weight_decay"": 0.00366611192844297}"
asha,lcbench,126026,1,95,1,1.0,-52.60609436035156,3.6578383445739746,2411.3774753808975,-95.54573822021484,"{""OpenML_task_id"": ""126026"", ""batch_size"": 196, ""learning_rate"": 0.0022790336486325125, ""max_dropout"": 0.1393436610166513, ""max_units"": 962, ""momentum"": 0.686704101871781, ""num_layers"": 2, ""weight_decay"": 0.06258606107281506}"
asha,lcbench,126026,1,95,2,3.0,-93.45182800292969,5.424632549285889,2416.8021079301834,-95.54573822021484,"{""OpenML_task_id"": ""126026"", ""batch_size"": 196, ""learning_rate"": 0.0022790336486325125, ""max_dropout"": 0.1393436610166513, ""max_units"": 962, ""momentum"": 0.686704101871781, ""num_layers"": 2, ""weight_decay"": 0.06258606107281506}"
asha,lcbench,126026,1,95,3,9.0,-92.09857940673828,21.143104553222656,2437.945212483406,-95.54573822021484,"{""OpenML_task_id"": ""126026"", ""batch_size"": 196, ""learning_rate"": 0.0022790336486325125, ""max_dropout"": 0.1393436610166513, ""max_units"": 962, ""momentum"": 0.686704101871781, ""num_layers"": 2, ""weight_decay"": 0.06258606107281506}"
asha,lcbench,126026,1,96,1,1.0,-57.31185531616211,6.273865222930908,2444.219077706337,-95.54573822021484,"{""OpenML_task_id"": ""126026"", ""batch_size"": 282, ""learning_rate"": 0.045701413598558754, ""max_dropout"": 0.8338057552304368, ""max_units"": 213, ""momentum"": 0.2141834740208649, ""num_layers"": 1, ""weight_decay"": 0.002831389882102403}"
asha,lcbench,126026,1,96,2,3.0,-92.69356536865234,6.333827495574951,2450.552905201912,-95.54573822021484,"{""OpenML_task_id"": ""126026"", ""batch_size"": 282, ""learning_rate"": 0.045701413598558754, ""max_dropout"": 0.8338057552304368, ""max_units"": 213, ""momentum"": 0.2141834740208649, ""num_layers"": 1, ""weight_decay"": 0.002831389882102403}"
asha,lcbench,126026,1,96,3,9.0,-91.82411193847656,14.053616523742676,2464.6065217256546,-95.54573822021484,"{""OpenML_task_id"": ""126026"", ""batch_size"": 282, ""learning_rate"": 0.045701413598558754, ""max_dropout"": 0.8338057552304368, ""max_units"": 213, ""momentum"": 0.2141834740208649, ""num_layers"": 1, ""weight_decay"": 0.002831389882102403}"
asha,lcbench,126026,1,97,1,1.0,-46.21796798706055,12.649384498596191,2477.255906224251,-95.54573822021484,"{""OpenML_task_id"": ""126026"", ""batch_size"": 178, ""learning_rate"": 0.0020452838224395264, ""max_dropout"": 0.08132997375054996, ""max_units"": 421, ""momentum"": 0.7523307582702594, ""num_layers"": 3, ""weight_decay"": 0.04098460507340346}"
asha,lcbench,126026,1,98,1,1.0,-52.88338088989258,4.038528919219971,2481.2944351434708,-95.54573822021484,"{""OpenML_task_id"": ""126026"", ""batch_size"": 59, ""learning_rate"": 0.00031075961790733323, ""max_dropout"": 0.05506937098569087, ""max_units"": 109, ""momentum"": 0.2993711574141009, ""num_layers"": 1, ""weight_decay"": 0.09039959449040796}"
asha,lcbench,126026,1,98,2,3.0,-79.15380859375,8.513384819030762,2489.8078199625015,-95.54573822021484,"{""OpenML_task_id"": ""126026"", ""batch_size"": 59, ""learning_rate"": 0.00031075961790733323, ""max_dropout"": 0.05506937098569087, ""max_units"": 109, ""momentum"": 0.2993711574141009, ""num_layers"": 1, ""weight_decay"": 0.09039959449040796}"
asha,lcbench,126026,1,99,1,1.0,-35.481300354003906,8.227518081665039,2498.0353380441666,-95.54573822021484,"{""OpenML_task_id"": ""126026"", ""batch_size"": 171, ""learning_rate"": 0.000250725077578348, ""max_dropout"": 0.6049586071856855, ""max_units"": 969, ""momentum"": 0.3635115666374209, ""num_layers"": 4, ""weight_decay"": 0.078728856019939}"
asha,lcbench,126026,1,100,1,1.0,-38.00324249267578,11.839197158813477,2509.87453520298,-95.54573822021484,"{""OpenML_task_id"": ""126026"", ""batch_size"": 330, ""learning_rate"": 0.006227968881262316, ""max_dropout"": 0.4147702895188772, ""max_units"": 921, ""momentum"": 0.2722350830469856, ""num_layers"": 4, ""weight_decay"": 0.05911048669244408}"
asha,lcbench,126026,1,101,1,1.0,-32.653629302978516,21.032939910888672,2530.9074751138687,-95.54573822021484,"{""OpenML_task_id"": ""126026"", ""batch_size"": 54, ""learning_rate"": 0.0019480980715623748, ""max_dropout"": 0.26305011402824907, ""max_units"": 620, ""momentum"": 0.8100555644967159, ""num_layers"": 4, ""weight_decay"": 0.0069164385081644745}"
asha,lcbench,126026,1,102,1,1.0,-46.68679428100586,22.646343231201172,2553.55381834507,-95.54573822021484,"{""OpenML_task_id"": ""126026"", ""batch_size"": 18, ""learning_rate"": 0.001055911429477751, ""max_dropout"": 0.03695287244326051, ""max_units"": 111, ""momentum"": 0.9785105433304108, ""num_layers"": 1, ""weight_decay"": 0.042449283637186516}"
asha,lcbench,126026,1,103,1,1.0,-34.84303283691406,15.673991203308105,2569.227809548378,-95.54573822021484,"{""OpenML_task_id"": ""126026"", ""batch_size"": 54, ""learning_rate"": 0.0027752262486662013, ""max_dropout"": 0.06148406456415134, ""max_units"": 376, ""momentum"": 0.5278290010415755, ""num_layers"": 4, ""weight_decay"": 0.04646887594607706}"
asha,lcbench,126026,1,104,1,1.0,-40.76614761352539,9.341700553894043,2578.569510102272,-95.54573822021484,"{""OpenML_task_id"": ""126026"", ""batch_size"": 154, ""learning_rate"": 0.06592407734031171, ""max_dropout"": 0.6319681645640444, ""max_units"": 689, ""momentum"": 0.259641086516477, ""num_layers"": 4, ""weight_decay"": 0.06751703570098753}"
asha,lcbench,126026,1,105,1,1.0,-47.366573333740234,12.263115882873535,2590.8326259851456,-95.54573822021484,"{""OpenML_task_id"": ""126026"", ""batch_size"": 17, ""learning_rate"": 0.05207996956993647, ""max_dropout"": 0.8039876592368216, ""max_units"": 697, ""momentum"": 0.15270460472612285, ""num_layers"": 3, ""weight_decay"": 0.07021723404836382}"
asha,lcbench,126026,1,106,1,1.0,-44.717323303222656,8.062971115112305,2598.895597100258,-95.54573822021484,"{""OpenML_task_id"": ""126026"", ""batch_size"": 32, ""learning_rate"": 0.07219006853628673, ""max_dropout"": 0.5520685570761028, ""max_units"": 212, ""momentum"": 0.6100084163485066, ""num_layers"": 3, ""weight_decay"": 0.0472800702583339}"
asha,lcbench,126026,1,107,1,1.0,-45.130584716796875,5.677031993865967,2604.572629094124,-95.54573822021484,"{""OpenML_task_id"": ""126026"", ""batch_size"": 152, ""learning_rate"": 0.004455068791028638, ""max_dropout"": 0.7788986908719823, ""max_units"": 155, ""momentum"": 0.4011571811317254, ""num_layers"": 3, ""weight_decay"": 0.05980360114016746}"
asha,lcbench,126026,1,108,1,1.0,-39.97207260131836,22.523632049560547,2627.0962611436844,-95.54573822021484,"{""OpenML_task_id"": ""126026"", ""batch_size"": 63, ""learning_rate"": 0.01926263304844054, ""max_dropout"": 0.987035178055119, ""max_units"": 821, ""momentum"": 0.7400445365946897, ""num_layers"": 5, ""weight_decay"": 0.03008279223844893}"
asha,lcbench,126026,1,109,1,1.0,-27.98402976989746,10.354085922241211,2637.4503470659256,-95.54573822021484,"{""OpenML_task_id"": ""126026"", ""batch_size"": 47, ""learning_rate"": 0.011663922973181754, ""max_dropout"": 0.6016882550595313, ""max_units"": 198, ""momentum"": 0.512409549283697, ""num_layers"": 4, ""weight_decay"": 0.007288829533613551}"
asha,lcbench,126026,1,110,1,1.0,-47.886234283447266,5.950347900390625,2643.400694966316,-95.54573822021484,"{""OpenML_task_id"": ""126026"", ""batch_size"": 112, ""learning_rate"": 0.008881244696520187, ""max_dropout"": 0.6341562090160984, ""max_units"": 377, ""momentum"": 0.14466967564757605, ""num_layers"": 5, ""weight_decay"": 0.01595676747544196}"
asha,lcbench,126026,1,110,2,3.0,-79.814208984375,9.758646965026855,2653.159341931343,-95.54573822021484,"{""OpenML_task_id"": ""126026"", ""batch_size"": 112, ""learning_rate"": 0.008881244696520187, ""max_dropout"": 0.6341562090160984, ""max_units"": 377, ""momentum"": 0.14466967564757605, ""num_layers"": 5, ""weight_decay"": 0.01595676747544196}"
asha,lcbench,126026,1,111,1,1.0,-38.955909729003906,13.025891304016113,2666.185233235359,-95.54573822021484,"{""OpenML_task_id"": ""126026"", ""batch_size"": 331, ""learning_rate"": 0.029568642920945548, ""max_dropout"": 0.3124806622225955, ""max_units"": 479, ""momentum"": 0.8720873508328907, ""num_layers"": 4, ""weight_decay"": 0.04369225128933305}"
asha,lcbench,126026,1,112,1,1.0,-34.60353469848633,12.115302085876465,2678.3005353212357,-95.54573822021484,"{""OpenML_task_id"": ""126026"", ""batch_size"": 30, ""learning_rate"": 0.004140907549741595, ""max_dropout"": 0.14665751920688996, ""max_units"": 254, ""momentum"": 0.27933871993185444, ""num_layers"": 3, ""weight_decay"": 0.014203899041790112}"
asha,lcbench,126026,1,113,1,1.0,-56.0698127746582,5.926641941070557,2684.227177262306,-95.54573822021484,"{""OpenML_task_id"": ""126026"", ""batch_size"": 47, ""learning_rate"": 0.0007746487470043759, ""max_dropout"": 0.5185756153012332, ""max_units"": 261, ""momentum"": 0.27044442991173534, ""num_layers"": 1, ""weight_decay"": 0.04171197712408459}"
asha,lcbench,126026,1,113,2,3.0,-87.69510650634766,12.836243629455566,2697.063420891762,-95.54573822021484,"{""OpenML_task_id"": ""126026"", ""batch_size"": 47, ""learning_rate"": 0.0007746487470043759, ""max_dropout"": 0.5185756153012332, ""max_units"": 261, ""momentum"": 0.27044442991173534, ""num_layers"": 1, ""weight_decay"": 0.04171197712408459}"
asha,lcbench,126026,1,114,1,1.0,-47.220943450927734,5.529217720031738,2702.5926386117935,-95.54573822021484,"{""OpenML_task_id"": ""126026"", ""batch_size"": 98, ""learning_rate"": 0.0018713878486731213, ""max_dropout"": 0.5722865373340777, ""max_units"": 257, ""momentum"": 0.7323514016948666, ""num_layers"": 2, ""weight_decay"": 0.049172484213576124}"
asha,lcbench,126026,1,115,1,1.0,-34.176055908203125,6.9822564125061035,2709.5748950242996,-95.54573822021484,"{""OpenML_task_id"": ""126026"", ""batch_size"": 86, ""learning_rate"": 0.0014124185315189045, ""max_dropout"": 0.8125111784666258, ""max_units"": 131, ""momentum"": 0.6196190010958327, ""num_layers"": 4, ""weight_decay"": 0.042112457875916935}"
asha,lcbench,126026,1,116,1,1.0,-44.86528015136719,2.8853018283843994,2712.460196852684,-95.54573822021484,"{""OpenML_task_id"": ""126026"", ""batch_size"": 206, ""learning_rate"": 0.0002064991847763471, ""max_dropout"": 0.49028057777852374, ""max_units"": 197, ""momentum"": 0.43901646474957357, ""num_layers"": 3, ""weight_decay"": 0.07734732795425533}"
asha,lcbench,126026,1,117,1,1.0,-40.48999786376953,14.615588188171387,2727.0757850408554,-95.54573822021484,"{""OpenML_task_id"": ""126026"", ""batch_size"": 69, ""learning_rate"": 0.014046891596753994, ""max_dropout"": 0.38386768218937584, ""max_units"": 874, ""momentum"": 0.6349356376024397, ""num_layers"": 4, ""weight_decay"": 0.09160681265891608}"
asha,lcbench,126026,1,118,1,1.0,-38.76735305786133,6.040988445281982,2733.1167734861374,-95.54573822021484,"{""OpenML_task_id"": ""126026"", ""batch_size"": 41, ""learning_rate"": 0.0003070965302717994, ""max_dropout"": 0.634799237591435, ""max_units"": 217, ""momentum"": 0.6663615846384519, ""num_layers"": 3, ""weight_decay"": 0.0439835264141542}"
asha,lcbench,126026,1,119,1,1.0,-40.40620040893555,7.206766128540039,2740.3235396146774,-95.54573822021484,"{""OpenML_task_id"": ""126026"", ""batch_size"": 124, ""learning_rate"": 0.0001255194770645734, ""max_dropout"": 0.3826120983479374, ""max_units"": 316, ""momentum"": 0.6538559961115741, ""num_layers"": 4, ""weight_decay"": 0.006957632346345368}"
asha,lcbench,126026,1,120,1,1.0,-52.35373306274414,1.9412450790405273,2742.264784693718,-95.54573822021484,"{""OpenML_task_id"": ""126026"", ""batch_size"": 483, ""learning_rate"": 0.00011885838555335487, ""max_dropout"": 0.3981609516272606, ""max_units"": 96, ""momentum"": 0.8594763730050997, ""num_layers"": 1, ""weight_decay"": 0.07500549241095654}"
asha,lcbench,126026,1,120,2,3.0,-65.12062072753906,5.0997209548950195,2747.364505648613,-95.54573822021484,"{""OpenML_task_id"": ""126026"", ""batch_size"": 483, ""learning_rate"": 0.00011885838555335487, ""max_dropout"": 0.3981609516272606, ""max_units"": 96, ""momentum"": 0.8594763730050997, ""num_layers"": 1, ""weight_decay"": 0.07500549241095654}"
asha,lcbench,126026,1,121,1,1.0,-53.19197082519531,7.259756088256836,2754.62426173687,-95.54573822021484,"{""OpenML_task_id"": ""126026"", ""batch_size"": 43, ""learning_rate"": 0.02030890361430343, ""max_dropout"": 0.9506126625300209, ""max_units"": 168, ""momentum"": 0.7711975792287505, ""num_layers"": 5, ""weight_decay"": 0.08610359457772376}"
asha,lcbench,126026,1,121,2,3.0,-86.67816162109375,9.95666217803955,2764.5809239149094,-95.54573822021484,"{""OpenML_task_id"": ""126026"", ""batch_size"": 43, ""learning_rate"": 0.02030890361430343, ""max_dropout"": 0.9506126625300209, ""max_units"": 168, ""momentum"": 0.7711975792287505, ""num_layers"": 5, ""weight_decay"": 0.08610359457772376}"
asha,lcbench,126026,1,122,1,1.0,-46.64588165283203,13.622725486755371,2778.2036494016647,-95.54573822021484,"{""OpenML_task_id"": ""126026"", ""batch_size"": 40, ""learning_rate"": 0.05192275058756829, ""max_dropout"": 0.23915236507620619, ""max_units"": 555, ""momentum"": 0.9085879948720528, ""num_layers"": 1, ""weight_decay"": 0.011594176916854075}"
asha,lcbench,126026,1,123,1,1.0,-58.35215759277344,1.6986072063446045,2779.9022566080093,-95.54573822021484,"{""OpenML_task_id"": ""126026"", ""batch_size"": 70, ""learning_rate"": 0.00014621730620577848, ""max_dropout"": 0.6139374317753863, ""max_units"": 94, ""momentum"": 0.3078841927206636, ""num_layers"": 5, ""weight_decay"": 0.014854056339939794}"
asha,lcbench,126026,1,123,2,3.0,-59.13602828979492,7.987669467926025,2787.8899260759354,-95.54573822021484,"{""OpenML_task_id"": ""126026"", ""batch_size"": 70, ""learning_rate"": 0.00014621730620577848, ""max_dropout"": 0.6139374317753863, ""max_units"": 94, ""momentum"": 0.3078841927206636, ""num_layers"": 5, ""weight_decay"": 0.014854056339939794}"
asha,lcbench,126026,1,124,1,1.0,-49.05833053588867,6.087006092071533,2793.976932168007,-95.54573822021484,"{""OpenML_task_id"": ""126026"", ""batch_size"": 193, ""learning_rate"": 0.0017285821578374716, ""max_dropout"": 0.25108032238241007, ""max_units"": 290, ""momentum"": 0.5957299031169667, ""num_layers"": 1, ""weight_decay"": 0.07954061531282057}"
asha,lcbench,126026,1,124,2,3.0,-87.07640838623047,10.172804832458496,2804.1497370004654,-95.54573822021484,"{""OpenML_task_id"": ""126026"", ""batch_size"": 193, ""learning_rate"": 0.0017285821578374716, ""max_dropout"": 0.25108032238241007, ""max_units"": 290, ""momentum"": 0.5957299031169667, ""num_layers"": 1, ""weight_decay"": 0.07954061531282057}"
asha,lcbench,126026,1,125,1,1.0,-58.41241455078125,2.418154001235962,2806.5678910017014,-95.54573822021484,"{""OpenML_task_id"": ""126026"", ""batch_size"": 97, ""learning_rate"": 0.0007757677030585322, ""max_dropout"": 0.5327867394162317, ""max_units"": 74, ""momentum"": 0.6637652115818222, ""num_layers"": 5, ""weight_decay"": 0.041870660701123934}"
asha,lcbench,126026,1,125,2,3.0,-59.721885681152344,8.496651649475098,2815.0645426511765,-95.54573822021484,"{""OpenML_task_id"": ""126026"", ""batch_size"": 97, ""learning_rate"": 0.0007757677030585322, ""max_dropout"": 0.5327867394162317, ""max_units"": 74, ""momentum"": 0.6637652115818222, ""num_layers"": 5, ""weight_decay"": 0.041870660701123934}"
asha,lcbench,126026,1,126,1,1.0,-52.45977783203125,6.943211078643799,2822.0077537298203,-95.54573822021484,"{""OpenML_task_id"": ""126026"", ""batch_size"": 98, ""learning_rate"": 0.05079720473622857, ""max_dropout"": 0.6573835702260323, ""max_units"": 1021, ""momentum"": 0.4867853126434747, ""num_layers"": 1, ""weight_decay"": 0.044399948269791975}"
asha,lcbench,126026,1,126,2,3.0,-93.34380340576172,5.2837910652160645,2827.2915447950363,-95.54573822021484,"{""OpenML_task_id"": ""126026"", ""batch_size"": 98, ""learning_rate"": 0.05079720473622857, ""max_dropout"": 0.6573835702260323, ""max_units"": 1021, ""momentum"": 0.4867853126434747, ""num_layers"": 1, ""weight_decay"": 0.044399948269791975}"
asha,lcbench,126026,1,126,3,9.0,-91.96585083007812,9.898094177246094,2837.1896389722824,-95.54573822021484,"{""OpenML_task_id"": ""126026"", ""batch_size"": 98, ""learning_rate"": 0.05079720473622857, ""max_dropout"": 0.6573835702260323, ""max_units"": 1021, ""momentum"": 0.4867853126434747, ""num_layers"": 1, ""weight_decay"": 0.044399948269791975}"
asha,lcbench,126026,1,127,1,1.0,-44.2285041809082,11.03877067565918,2848.2284096479416,-95.54573822021484,"{""OpenML_task_id"": ""126026"", ""batch_size"": 147, ""learning_rate"": 0.08486018881526579, ""max_dropout"": 0.03519801197263872, ""max_units"": 202, ""momentum"": 0.8425906687013172, ""num_layers"": 2, ""weight_decay"": 0.0033020473683721403}"
asha,lcbench,126026,1,128,1,1.0,-51.26422882080078,4.525198936462402,2852.753608584404,-95.54573822021484,"{""OpenML_task_id"": ""126026"", ""batch_size"": 419, ""learning_rate"": 0.0006293655317250193, ""max_dropout"": 0.28951184671970676, ""max_units"": 384, ""momentum"": 0.7240710191843877, ""num_layers"": 5, ""weight_decay"": 0.045484298853080585}"
asha,lcbench,126026,1,128,2,3.0,-45.69047546386719,18.942630767822266,2871.6962393522263,-95.54573822021484,"{""OpenML_task_id"": ""126026"", ""batch_size"": 419, ""learning_rate"": 0.0006293655317250193, ""max_dropout"": 0.28951184671970676, ""max_units"": 384, ""momentum"": 0.7240710191843877, ""num_layers"": 5, ""weight_decay"": 0.045484298853080585}"
asha,lcbench,126026,1,129,1,1.0,-55.32752227783203,4.00087833404541,2875.6971176862717,-95.54573822021484,"{""OpenML_task_id"": ""126026"", ""batch_size"": 437, ""learning_rate"": 0.0034258603798706677, ""max_dropout"": 0.4140187891279381, ""max_units"": 361, ""momentum"": 0.31268232582832456, ""num_layers"": 1, ""weight_decay"": 0.09691117164703253}"
asha,lcbench,126026,1,129,2,3.0,-83.34661102294922,9.642906188964844,2885.3400238752365,-95.54573822021484,"{""OpenML_task_id"": ""126026"", ""batch_size"": 437, ""learning_rate"": 0.0034258603798706677, ""max_dropout"": 0.4140187891279381, ""max_units"": 361, ""momentum"": 0.31268232582832456, ""num_layers"": 1, ""weight_decay"": 0.09691117164703253}"
asha,lcbench,126026,1,130,1,1.0,-56.64250564575195,4.698113441467285,2890.038137316704,-95.54573822021484,"{""OpenML_task_id"": ""126026"", ""batch_size"": 125, ""learning_rate"": 0.014579547684080329, ""max_dropout"": 0.35431861625437, ""max_units"": 183, ""momentum"": 0.6814770334435551, ""num_layers"": 5, ""weight_decay"": 0.053147701873413784}"
asha,lcbench,126026,1,130,2,3.0,-88.65541076660156,6.149757385253906,2896.1878947019577,-95.54573822021484,"{""OpenML_task_id"": ""126026"", ""batch_size"": 125, ""learning_rate"": 0.014579547684080329, ""max_dropout"": 0.35431861625437, ""max_units"": 183, ""momentum"": 0.6814770334435551, ""num_layers"": 5, ""weight_decay"": 0.053147701873413784}"
asha,lcbench,126026,1,131,1,1.0,-49.148258209228516,1.7376524209976196,2897.9255471229553,-95.54573822021484,"{""OpenML_task_id"": ""126026"", ""batch_size"": 55, ""learning_rate"": 0.00010180869237547672, ""max_dropout"": 0.4353455762024031, ""max_units"": 70, ""momentum"": 0.2692898371952349, ""num_layers"": 2, ""weight_decay"": 0.0557073903095637}"
asha,lcbench,126026,1,131,2,3.0,-60.86249923706055,4.960273742675781,2902.885820865631,-95.54573822021484,"{""OpenML_task_id"": ""126026"", ""batch_size"": 55, ""learning_rate"": 0.00010180869237547672, ""max_dropout"": 0.4353455762024031, ""max_units"": 70, ""momentum"": 0.2692898371952349, ""num_layers"": 2, ""weight_decay"": 0.0557073903095637}"
asha,lcbench,126026,1,132,1,1.0,-54.64081954956055,2.433493137359619,2905.3193140029907,-95.54573822021484,"{""OpenML_task_id"": ""126026"", ""batch_size"": 40, ""learning_rate"": 0.00010754604347483212, ""max_dropout"": 0.7501607098458326, ""max_units"": 355, ""momentum"": 0.2070971050205625, ""num_layers"": 1, ""weight_decay"": 0.08188349029070996}"
asha,lcbench,126026,1,132,2,3.0,-75.36157989501953,7.2458109855651855,2912.565124988556,-95.54573822021484,"{""OpenML_task_id"": ""126026"", ""batch_size"": 40, ""learning_rate"": 0.00010754604347483212, ""max_dropout"": 0.7501607098458326, ""max_units"": 355, ""momentum"": 0.2070971050205625, ""num_layers"": 1, ""weight_decay"": 0.08188349029070996}"
asha,lcbench,126026,1,133,1,1.0,-46.23066711425781,4.670224189758301,2917.235349178314,-95.54573822021484,"{""OpenML_task_id"": ""126026"", ""batch_size"": 57, ""learning_rate"": 0.00022520998153836047, ""max_dropout"": 0.38463061251632225, ""max_units"": 352, ""momentum"": 0.8502334343011788, ""num_layers"": 2, ""weight_decay"": 0.020939851105488357}"
asha,lcbench,126026,1,134,1,1.0,-40.28837585449219,7.991852760314941,2925.227201938629,-95.54573822021484,"{""OpenML_task_id"": ""126026"", ""batch_size"": 81, ""learning_rate"": 0.0003933530930803852, ""max_dropout"": 0.3409319850533544, ""max_units"": 116, ""momentum"": 0.8582518327840486, ""num_layers"": 3, ""weight_decay"": 0.059490277579952}"
asha,lcbench,126026,1,135,1,1.0,-37.16206359863281,2.6998372077941895,2927.9270391464233,-95.54573822021484,"{""OpenML_task_id"": ""126026"", ""batch_size"": 198, ""learning_rate"": 0.00011667346492450341, ""max_dropout"": 0.7113819128002018, ""max_units"": 172, ""momentum"": 0.21250318609580665, ""num_layers"": 4, ""weight_decay"": 0.08647596756178773}"
asha,lcbench,126026,1,136,1,1.0,-47.686729431152344,7.328084945678711,2935.255124092102,-95.54573822021484,"{""OpenML_task_id"": ""126026"", ""batch_size"": 34, ""learning_rate"": 0.0038861845573808763, ""max_dropout"": 0.6178618423368254, ""max_units"": 159, ""momentum"": 0.9878070868613367, ""num_layers"": 5, ""weight_decay"": 0.09803460380250918}"
asha,lcbench,126026,1,137,1,1.0,-52.30257034301758,2.3763198852539062,2937.631443977356,-95.54573822021484,"{""OpenML_task_id"": ""126026"", ""batch_size"": 189, ""learning_rate"": 0.00019774017501753477, ""max_dropout"": 0.9254524944756599, ""max_units"": 417, ""momentum"": 0.7527018639022784, ""num_layers"": 1, ""weight_decay"": 0.06235198236478663}"
asha,lcbench,126026,1,137,2,3.0,-74.64228820800781,5.0955376625061035,2942.726981639862,-95.54573822021484,"{""OpenML_task_id"": ""126026"", ""batch_size"": 189, ""learning_rate"": 0.00019774017501753477, ""max_dropout"": 0.9254524944756599, ""max_units"": 417, ""momentum"": 0.7527018639022784, ""num_layers"": 1, ""weight_decay"": 0.06235198236478663}"
asha,lcbench,126026,1,138,1,1.0,-32.910526275634766,13.834684371948242,2956.5616660118103,-95.54573822021484,"{""OpenML_task_id"": ""126026"", ""batch_size"": 46, ""learning_rate"": 0.010458408378637133, ""max_dropout"": 0.7735726804571491, ""max_units"": 385, ""momentum"": 0.7993030045411077, ""num_layers"": 4, ""weight_decay"": 0.04445331484508872}"
asha,lcbench,126026,1,139,1,1.0,-49.38631820678711,6.91392707824707,2963.4755930900574,-95.54573822021484,"{""OpenML_task_id"": ""126026"", ""batch_size"": 180, ""learning_rate"": 0.0002101701930410537, ""max_dropout"": 0.0661561858026326, ""max_units"": 775, ""momentum"": 0.6174413695124992, ""num_layers"": 3, ""weight_decay"": 0.05204290951216628}"
asha,lcbench,126026,1,139,2,3.0,-59.25083541870117,17.41986846923828,2980.8954615592957,-95.54573822021484,"{""OpenML_task_id"": ""126026"", ""batch_size"": 180, ""learning_rate"": 0.0002101701930410537, ""max_dropout"": 0.0661561858026326, ""max_units"": 775, ""momentum"": 0.6174413695124992, ""num_layers"": 3, ""weight_decay"": 0.05204290951216628}"
asha,lcbench,126026,1,140,1,1.0,-39.187801361083984,14.173541069030762,2995.0690026283264,-95.54573822021484,"{""OpenML_task_id"": ""126026"", ""batch_size"": 23, ""learning_rate"": 0.042548723578331026, ""max_dropout"": 0.24524172918195708, ""max_units"": 371, ""momentum"": 0.551497998126644, ""num_layers"": 2, ""weight_decay"": 0.06018633722002526}"
asha,lcbench,126026,1,141,1,1.0,-36.71307373046875,12.957562446594238,3008.0265650749207,-95.54573822021484,"{""OpenML_task_id"": ""126026"", ""batch_size"": 54, ""learning_rate"": 0.0008969343017937448, ""max_dropout"": 0.28946626055542424, ""max_units"": 587, ""momentum"": 0.18382546983471207, ""num_layers"": 4, ""weight_decay"": 0.027042947816960438}"
asha,lcbench,126026,1,142,1,1.0,-47.13052749633789,9.167391777038574,3017.1939568519592,-95.54573822021484,"{""OpenML_task_id"": ""126026"", ""batch_size"": 65, ""learning_rate"": 0.0047289707170484595, ""max_dropout"": 0.5085572246967707, ""max_units"": 318, ""momentum"": 0.7835768718255923, ""num_layers"": 5, ""weight_decay"": 0.014417436353190862}"
asha,lcbench,126026,1,143,1,1.0,-48.185150146484375,8.666776657104492,3025.8607335090637,-95.54573822021484,"{""OpenML_task_id"": ""126026"", ""batch_size"": 276, ""learning_rate"": 0.0008257716337383894, ""max_dropout"": 0.08583402967660891, ""max_units"": 484, ""momentum"": 0.4264009814674936, ""num_layers"": 3, ""weight_decay"": 0.00233630907142617}"
asha,lcbench,126026,1,144,1,1.0,-52.83982467651367,3.4626126289367676,3029.3233461380005,-95.54573822021484,"{""OpenML_task_id"": ""126026"", ""batch_size"": 505, ""learning_rate"": 0.008391969015340308, ""max_dropout"": 0.25833991745518037, ""max_units"": 664, ""momentum"": 0.3785321923463164, ""num_layers"": 1, ""weight_decay"": 0.02446286655400376}"
asha,lcbench,126026,1,144,2,3.0,-87.97298431396484,8.42692756652832,3037.750273704529,-95.54573822021484,"{""OpenML_task_id"": ""126026"", ""batch_size"": 505, ""learning_rate"": 0.008391969015340308, ""max_dropout"": 0.25833991745518037, ""max_units"": 664, ""momentum"": 0.3785321923463164, ""num_layers"": 1, ""weight_decay"": 0.02446286655400376}"
asha,lcbench,126026,1,145,1,1.0,-48.00227355957031,4.631178855895996,3042.381452560425,-95.54573822021484,"{""OpenML_task_id"": ""126026"", ""batch_size"": 34, ""learning_rate"": 0.015111835081618417, ""max_dropout"": 0.4919033934282506, ""max_units"": 112, ""momentum"": 0.12200991948783745, ""num_layers"": 5, ""weight_decay"": 0.014348363464329847}"
asha,lcbench,126026,1,146,1,1.0,-56.78042984008789,2.8476510047912598,3045.229103565216,-95.54573822021484,"{""OpenML_task_id"": ""126026"", ""batch_size"": 31, ""learning_rate"": 0.00016651621919267976, ""max_dropout"": 0.07827706410949253, ""max_units"": 184, ""momentum"": 0.6454707721033432, ""num_layers"": 5, ""weight_decay"": 0.0490561597663327}"
asha,lcbench,126026,1,146,2,3.0,-54.73109817504883,10.117026329040527,3055.3461298942566,-95.54573822021484,"{""OpenML_task_id"": ""126026"", ""batch_size"": 31, ""learning_rate"": 0.00016651621919267976, ""max_dropout"": 0.07827706410949253, ""max_units"": 184, ""momentum"": 0.6454707721033432, ""num_layers"": 5, ""weight_decay"": 0.0490561597663327}"
asha,lcbench,126026,1,147,1,1.0,-27.90034294128418,18.525684356689453,3073.871814250946,-95.54573822021484,"{""OpenML_task_id"": ""126026"", ""batch_size"": 28, ""learning_rate"": 0.0038728555015770964, ""max_dropout"": 0.9731372493113607, ""max_units"": 288, ""momentum"": 0.8137654174785759, ""num_layers"": 4, ""weight_decay"": 0.04242368792981029}"
asha,lcbench,126026,1,148,1,1.0,-35.75004196166992,10.037541389465332,3083.9093556404114,-95.54573822021484,"{""OpenML_task_id"": ""126026"", ""batch_size"": 34, ""learning_rate"": 0.08333821112890234, ""max_dropout"": 0.5989184286775763, ""max_units"": 184, ""momentum"": 0.4347267739539027, ""num_layers"": 4, ""weight_decay"": 0.04340315940756342}"
asha,lcbench,126026,1,149,1,1.0,-53.802852630615234,14.372950553894043,3098.2823061943054,-95.54573822021484,"{""OpenML_task_id"": ""126026"", ""batch_size"": 24, ""learning_rate"": 0.016812022287474276, ""max_dropout"": 0.6270896748695342, ""max_units"": 351, ""momentum"": 0.17951817626203054, ""num_layers"": 1, ""weight_decay"": 0.08012904829214684}"
asha,lcbench,126026,1,149,2,3.0,-93.73328399658203,12.070679664611816,3110.3529858589172,-95.54573822021484,"{""OpenML_task_id"": ""126026"", ""batch_size"": 24, ""learning_rate"": 0.016812022287474276, ""max_dropout"": 0.6270896748695342, ""max_units"": 351, ""momentum"": 0.17951817626203054, ""num_layers"": 1, ""weight_decay"": 0.08012904829214684}"
asha,lcbench,126026,1,149,3,9.0,-91.54550170898438,22.50271224975586,3132.855698108673,-95.54573822021484,"{""OpenML_task_id"": ""126026"", ""batch_size"": 24, ""learning_rate"": 0.016812022287474276, ""max_dropout"": 0.6270896748695342, ""max_units"": 351, ""momentum"": 0.17951817626203054, ""num_layers"": 1, ""weight_decay"": 0.08012904829214684}"
asha,lcbench,126026,1,150,1,1.0,-43.32309341430664,8.334892272949219,3141.1905903816223,-95.54573822021484,"{""OpenML_task_id"": ""126026"", ""batch_size"": 38, ""learning_rate"": 0.00628977079446743, ""max_dropout"": 0.15218825834930516, ""max_units"": 718, ""momentum"": 0.3858661956850121, ""num_layers"": 2, ""weight_decay"": 0.049600608639784535}"
asha,lcbench,126026,1,151,1,1.0,-50.577457427978516,11.978644371032715,3153.169234752655,-95.54573822021484,"{""OpenML_task_id"": ""126026"", ""batch_size"": 102, ""learning_rate"": 0.004080040554389745, ""max_dropout"": 0.6746472378244032, ""max_units"": 789, ""momentum"": 0.7744215778499993, ""num_layers"": 5, ""weight_decay"": 0.09279876041862795}"
asha,lcbench,126026,1,151,2,3.0,-85.25959014892578,20.93393325805664,3174.1031680107117,-95.54573822021484,"{""OpenML_task_id"": ""126026"", ""batch_size"": 102, ""learning_rate"": 0.004080040554389745, ""max_dropout"": 0.6746472378244032, ""max_units"": 789, ""momentum"": 0.7744215778499993, ""num_layers"": 5, ""weight_decay"": 0.09279876041862795}"
asha,lcbench,126026,1,152,1,1.0,-52.51700973510742,4.857083320617676,3178.9602513313293,-95.54573822021484,"{""OpenML_task_id"": ""126026"", ""batch_size"": 34, ""learning_rate"": 0.03559923479996946, ""max_dropout"": 0.19574178222585947, ""max_units"": 73, ""momentum"": 0.3528905754591777, ""num_layers"": 5, ""weight_decay"": 0.023145917165941773}"
asha,lcbench,126026,1,152,2,3.0,-92.11243438720703,4.176581382751465,3183.136832714081,-95.54573822021484,"{""OpenML_task_id"": ""126026"", ""batch_size"": 34, ""learning_rate"": 0.03559923479996946, ""max_dropout"": 0.19574178222585947, ""max_units"": 73, ""momentum"": 0.3528905754591777, ""num_layers"": 5, ""weight_decay"": 0.023145917165941773}"
asha,lcbench,126026,1,152,3,9.0,-93.03121185302734,18.097579956054688,3201.2344126701355,-95.54573822021484,"{""OpenML_task_id"": ""126026"", ""batch_size"": 34, ""learning_rate"": 0.03559923479996946, ""max_dropout"": 0.19574178222585947, ""max_units"": 73, ""momentum"": 0.3528905754591777, ""num_layers"": 5, ""weight_decay"": 0.023145917165941773}"
asha,lcbench,126026,1,152,4,27.0,-94.19843292236328,44.13652801513672,3245.370940685272,-95.54573822021484,"{""OpenML_task_id"": ""126026"", ""batch_size"": 34, ""learning_rate"": 0.03559923479996946, ""max_dropout"": 0.19574178222585947, ""max_units"": 73, ""momentum"": 0.3528905754591777, ""num_layers"": 5, ""weight_decay"": 0.023145917165941773}"
asha,lcbench,126026,1,152,5,52.0,-94.56446838378906,71.59505462646484,3316.965995311737,-95.54573822021484,"{""OpenML_task_id"": ""126026"", ""batch_size"": 34, ""learning_rate"": 0.03559923479996946, ""max_dropout"": 0.19574178222585947, ""max_units"": 73, ""momentum"": 0.3528905754591777, ""num_layers"": 5, ""weight_decay"": 0.023145917165941773}"
asha,lcbench,126026,1,153,1,1.0,-45.20050048828125,7.906790256500244,3324.8727855682373,-95.54573822021484,"{""OpenML_task_id"": ""126026"", ""batch_size"": 148, ""learning_rate"": 0.03293788883372911, ""max_dropout"": 0.35861958892651746, ""max_units"": 295, ""momentum"": 0.9001188364749968, ""num_layers"": 3, ""weight_decay"": 0.09144100119254256}"
asha,lcbench,126026,1,154,1,1.0,-40.788780212402344,15.72419261932373,3340.596978187561,-95.54573822021484,"{""OpenML_task_id"": ""126026"", ""batch_size"": 123, ""learning_rate"": 0.0033992320812267565, ""max_dropout"": 0.08762074786175555, ""max_units"": 594, ""momentum"": 0.8775299518322477, ""num_layers"": 4, ""weight_decay"": 0.08153931279203115}"
asha,lcbench,126026,1,155,1,1.0,-36.06583786010742,4.643729209899902,3345.240707397461,-95.54573822021484,"{""OpenML_task_id"": ""126026"", ""batch_size"": 197, ""learning_rate"": 0.0014686799701134363, ""max_dropout"": 0.6816601564778277, ""max_units"": 119, ""momentum"": 0.23991265845299112, ""num_layers"": 4, ""weight_decay"": 0.05763368386738704}"
asha,lcbench,126026,1,156,1,1.0,-63.19445037841797,2.5074002742767334,3347.7481076717377,-95.54573822021484,"{""OpenML_task_id"": ""126026"", ""batch_size"": 153, ""learning_rate"": 0.0003158055250264654, ""max_dropout"": 0.30876257766377235, ""max_units"": 67, ""momentum"": 0.9235755037421386, ""num_layers"": 5, ""weight_decay"": 0.09744333392380872}"
asha,lcbench,126026,1,156,2,3.0,-58.13068771362305,9.15762996673584,3356.9057376384735,-95.54573822021484,"{""OpenML_task_id"": ""126026"", ""batch_size"": 153, ""learning_rate"": 0.0003158055250264654, ""max_dropout"": 0.30876257766377235, ""max_units"": 67, ""momentum"": 0.9235755037421386, ""num_layers"": 5, ""weight_decay"": 0.09744333392380872}"
asha,lcbench,126026,1,157,1,1.0,-61.056549072265625,1.7125519514083862,3358.618289589882,-95.54573822021484,"{""OpenML_task_id"": ""126026"", ""batch_size"": 72, ""learning_rate"": 0.00011047520180242522, ""max_dropout"": 0.6325334135820437, ""max_units"": 134, ""momentum"": 0.4626813504873767, ""num_layers"": 5, ""weight_decay"": 0.07399348134311698}"
asha,lcbench,126026,1,157,2,3.0,-59.16080856323242,7.933285236358643,3366.5515748262405,-95.54573822021484,"{""OpenML_task_id"": ""126026"", ""batch_size"": 72, ""learning_rate"": 0.00011047520180242522, ""max_dropout"": 0.6325334135820437, ""max_units"": 134, ""momentum"": 0.4626813504873767, ""num_layers"": 5, ""weight_decay"": 0.07399348134311698}"
asha,lcbench,126026,1,158,1,1.0,-47.80154800415039,6.905560493469238,3373.45713531971,-95.54573822021484,"{""OpenML_task_id"": ""126026"", ""batch_size"": 452, ""learning_rate"": 0.0732993511949901, ""max_dropout"": 0.18706741266714944, ""max_units"": 324, ""momentum"": 0.4297454114384638, ""num_layers"": 3, ""weight_decay"": 0.06717513605247193}"
asha,lcbench,126026,1,159,1,1.0,-56.85939407348633,4.083151817321777,3377.5402871370316,-95.54573822021484,"{""OpenML_task_id"": ""126026"", ""batch_size"": 42, ""learning_rate"": 0.000679844479257968, ""max_dropout"": 0.10740049869935897, ""max_units"": 90, ""momentum"": 0.9487107612395399, ""num_layers"": 5, ""weight_decay"": 0.04010155277816985}"
asha,lcbench,126026,1,159,2,3.0,-82.05984497070312,8.930331230163574,3386.470618367195,-95.54573822021484,"{""OpenML_task_id"": ""126026"", ""batch_size"": 42, ""learning_rate"": 0.000679844479257968, ""max_dropout"": 0.10740049869935897, ""max_units"": 90, ""momentum"": 0.9487107612395399, ""num_layers"": 5, ""weight_decay"": 0.04010155277816985}"
asha,lcbench,126026,1,160,1,1.0,-43.93391799926758,6.946000099182129,3393.4166184663773,-95.54573822021484,"{""OpenML_task_id"": ""126026"", ""batch_size"": 91, ""learning_rate"": 0.0011036534984202667, ""max_dropout"": 0.7530766582387213, ""max_units"": 314, ""momentum"": 0.5119249157197902, ""num_layers"": 3, ""weight_decay"": 0.009923717958400682}"
asha,lcbench,126026,1,161,1,1.0,-39.76993179321289,9.648484230041504,3403.0651026964188,-95.54573822021484,"{""OpenML_task_id"": ""126026"", ""batch_size"": 158, ""learning_rate"": 0.0005983644190912758, ""max_dropout"": 0.08288078906713814, ""max_units"": 624, ""momentum"": 0.29311283020549794, ""num_layers"": 4, ""weight_decay"": 0.06438427037465293}"
asha,lcbench,126026,1,162,1,1.0,-51.955902099609375,6.2947821617126465,3409.3598848581314,-95.54573822021484,"{""OpenML_task_id"": ""126026"", ""batch_size"": 142, ""learning_rate"": 0.015974014679053537, ""max_dropout"": 0.2832035140936495, ""max_units"": 857, ""momentum"": 0.20888767684261822, ""num_layers"": 3, ""weight_decay"": 0.08627975077874629}"
asha,lcbench,126026,1,162,2,3.0,-94.60968780517578,12.401168823242188,3421.7610536813736,-95.54573822021484,"{""OpenML_task_id"": ""126026"", ""batch_size"": 142, ""learning_rate"": 0.015974014679053537, ""max_dropout"": 0.2832035140936495, ""max_units"": 857, ""momentum"": 0.20888767684261822, ""num_layers"": 3, ""weight_decay"": 0.08627975077874629}"
asha,lcbench,126026,1,162,3,9.0,-93.44498443603516,44.89093780517578,3466.6519914865494,-95.54573822021484,"{""OpenML_task_id"": ""126026"", ""batch_size"": 142, ""learning_rate"": 0.015974014679053537, ""max_dropout"": 0.2832035140936495, ""max_units"": 857, ""momentum"": 0.20888767684261822, ""num_layers"": 3, ""weight_decay"": 0.08627975077874629}"
asha,lcbench,126026,1,162,4,27.0,-93.13169860839844,106.75105285644531,3573.4030443429947,-95.54573822021484,"{""OpenML_task_id"": ""126026"", ""batch_size"": 142, ""learning_rate"": 0.015974014679053537, ""max_dropout"": 0.2832035140936495, ""max_units"": 857, ""momentum"": 0.20888767684261822, ""num_layers"": 3, ""weight_decay"": 0.08627975077874629}"
asha,lcbench,126026,1,163,1,1.0,-53.11770248413086,5.421843528747559,3578.8248878717422,-95.54573822021484,"{""OpenML_task_id"": ""126026"", ""batch_size"": 224, ""learning_rate"": 0.0002683549109283989, ""max_dropout"": 0.9373072700830803, ""max_units"": 435, ""momentum"": 0.3290366319644302, ""num_layers"": 5, ""weight_decay"": 0.02263330831984564}"
asha,lcbench,126026,1,163,2,3.0,-42.48081588745117,22.68817901611328,3601.5130668878555,-95.54573822021484,"{""OpenML_task_id"": ""126026"", ""batch_size"": 224, ""learning_rate"": 0.0002683549109283989, ""max_dropout"": 0.9373072700830803, ""max_units"": 435, ""momentum"": 0.3290366319644302, ""num_layers"": 5, ""weight_decay"": 0.02263330831984564}"
asha,lcbench,126026,1,164,1,1.0,-39.726951599121094,13.734282493591309,3615.247349381447,-95.54573822021484,"{""OpenML_task_id"": ""126026"", ""batch_size"": 179, ""learning_rate"": 0.007784640595879039, ""max_dropout"": 0.3781609542077591, ""max_units"": 622, ""momentum"": 0.7447616186798661, ""num_layers"": 4, ""weight_decay"": 0.08651989334518609}"
asha,lcbench,126026,1,165,1,1.0,-52.042232513427734,2.9661810398101807,3618.213530421257,-95.54573822021484,"{""OpenML_task_id"": ""126026"", ""batch_size"": 103, ""learning_rate"": 0.0007313684606231174, ""max_dropout"": 0.7272471130226013, ""max_units"": 134, ""momentum"": 0.21329163186038813, ""num_layers"": 2, ""weight_decay"": 0.027291874945192442}"
asha,lcbench,126026,1,165,2,3.0,-80.83422088623047,5.611491680145264,3623.8250221014023,-95.54573822021484,"{""OpenML_task_id"": ""126026"", ""batch_size"": 103, ""learning_rate"": 0.0007313684606231174, ""max_dropout"": 0.7272471130226013, ""max_units"": 134, ""momentum"": 0.21329163186038813, ""num_layers"": 2, ""weight_decay"": 0.027291874945192442}"
asha,lcbench,126026,1,166,1,1.0,-56.83644485473633,5.011869430541992,3628.8368915319443,-95.54573822021484,"{""OpenML_task_id"": ""126026"", ""batch_size"": 53, ""learning_rate"": 0.0004770768171274971, ""max_dropout"": 0.8233956422973043, ""max_units"": 268, ""momentum"": 0.8546162861279172, ""num_layers"": 5, ""weight_decay"": 0.08267494402897665}"
asha,lcbench,126026,1,166,2,3.0,-62.69476318359375,14.036882400512695,3642.873773932457,-95.54573822021484,"{""OpenML_task_id"": ""126026"", ""batch_size"": 53, ""learning_rate"": 0.0004770768171274971, ""max_dropout"": 0.8233956422973043, ""max_units"": 268, ""momentum"": 0.8546162861279172, ""num_layers"": 5, ""weight_decay"": 0.08267494402897665}"
asha,lcbench,126026,1,167,1,1.0,-51.498416900634766,13.916958808898926,3656.790732741356,-95.54573822021484,"{""OpenML_task_id"": ""126026"", ""batch_size"": 395, ""learning_rate"": 0.09725936920138445, ""max_dropout"": 0.617868547312777, ""max_units"": 577, ""momentum"": 0.9352458080722954, ""num_layers"": 1, ""weight_decay"": 0.06795728519862115}"
asha,lcbench,126026,1,167,2,3.0,-94.05763244628906,9.705657005310059,3666.496389746666,-95.54573822021484,"{""OpenML_task_id"": ""126026"", ""batch_size"": 395, ""learning_rate"": 0.09725936920138445, ""max_dropout"": 0.617868547312777, ""max_units"": 577, ""momentum"": 0.9352458080722954, ""num_layers"": 1, ""weight_decay"": 0.06795728519862115}"
asha,lcbench,126026,1,167,3,9.0,-91.21318817138672,22.700729370117188,3689.197119116783,-95.54573822021484,"{""OpenML_task_id"": ""126026"", ""batch_size"": 395, ""learning_rate"": 0.09725936920138445, ""max_dropout"": 0.617868547312777, ""max_units"": 577, ""momentum"": 0.9352458080722954, ""num_layers"": 1, ""weight_decay"": 0.06795728519862115}"
asha,lcbench,126026,1,168,1,1.0,-30.73651885986328,8.00719165802002,3697.204310774803,-95.54573822021484,"{""OpenML_task_id"": ""126026"", ""batch_size"": 18, ""learning_rate"": 0.000710866397784565, ""max_dropout"": 0.9018494398813272, ""max_units"": 116, ""momentum"": 0.6414395726154568, ""num_layers"": 4, ""weight_decay"": 0.09981584435896791}"
asha,lcbench,126026,1,169,1,1.0,-45.71176528930664,8.424139022827148,3705.6284497976303,-95.54573822021484,"{""OpenML_task_id"": ""126026"", ""batch_size"": 143, ""learning_rate"": 0.0025722230985426144, ""max_dropout"": 0.7806817471388092, ""max_units"": 286, ""momentum"": 0.38385484330020203, ""num_layers"": 3, ""weight_decay"": 0.0017163711399618446}"
asha,lcbench,126026,1,170,1,1.0,-27.136526107788086,12.0985689163208,3717.727018713951,-95.54573822021484,"{""OpenML_task_id"": ""126026"", ""batch_size"": 23, ""learning_rate"": 0.0052349130838150295, ""max_dropout"": 0.3744428187584815, ""max_units"": 191, ""momentum"": 0.6609951507834422, ""num_layers"": 4, ""weight_decay"": 0.044488878471861754}"
asha,lcbench,126026,1,171,1,1.0,-49.21746063232422,7.6125569343566895,3725.339575648308,-95.54573822021484,"{""OpenML_task_id"": ""126026"", ""batch_size"": 97, ""learning_rate"": 0.012347061264168182, ""max_dropout"": 0.5441708913598334, ""max_units"": 765, ""momentum"": 0.9222998208043893, ""num_layers"": 3, ""weight_decay"": 0.02253193659172155}"
asha,lcbench,126026,1,171,2,3.0,-94.60020446777344,10.906296730041504,3736.2458723783493,-95.54573822021484,"{""OpenML_task_id"": ""126026"", ""batch_size"": 97, ""learning_rate"": 0.012347061264168182, ""max_dropout"": 0.5441708913598334, ""max_units"": 765, ""momentum"": 0.9222998208043893, ""num_layers"": 3, ""weight_decay"": 0.02253193659172155}"
asha,lcbench,126026,1,171,3,9.0,-94.17265319824219,50.202476501464844,3786.448348879814,-95.54573822021484,"{""OpenML_task_id"": ""126026"", ""batch_size"": 97, ""learning_rate"": 0.012347061264168182, ""max_dropout"": 0.5441708913598334, ""max_units"": 765, ""momentum"": 0.9222998208043893, ""num_layers"": 3, ""weight_decay"": 0.02253193659172155}"
asha,lcbench,126026,1,171,4,27.0,-94.44023895263672,109.57624816894531,3896.0245970487595,-95.54573822021484,"{""OpenML_task_id"": ""126026"", ""batch_size"": 97, ""learning_rate"": 0.012347061264168182, ""max_dropout"": 0.5441708913598334, ""max_units"": 765, ""momentum"": 0.9222998208043893, ""num_layers"": 3, ""weight_decay"": 0.02253193659172155}"
asha,lcbench,126026,1,171,5,52.0,-95.26110076904297,147.47097778320312,4043.4955748319626,-95.54573822021484,"{""OpenML_task_id"": ""126026"", ""batch_size"": 97, ""learning_rate"": 0.012347061264168182, ""max_dropout"": 0.5441708913598334, ""max_units"": 765, ""momentum"": 0.9222998208043893, ""num_layers"": 3, ""weight_decay"": 0.02253193659172155}"
asha,lcbench,126026,1,172,1,1.0,-55.34449768066406,2.168543815612793,4045.6641186475754,-95.54573822021484,"{""OpenML_task_id"": ""126026"", ""batch_size"": 17, ""learning_rate"": 0.0002507031796619388, ""max_dropout"": 0.3969849769090168, ""max_units"": 81, ""momentum"": 0.22635590135414177, ""num_layers"": 5, ""weight_decay"": 0.02719716384245333}"
asha,lcbench,126026,1,172,2,3.0,-57.04309844970703,8.905231475830078,4054.5693501234055,-95.54573822021484,"{""OpenML_task_id"": ""126026"", ""batch_size"": 17, ""learning_rate"": 0.0002507031796619388, ""max_dropout"": 0.3969849769090168, ""max_units"": 81, ""momentum"": 0.22635590135414177, ""num_layers"": 5, ""weight_decay"": 0.02719716384245333}"
asha,lcbench,126026,1,173,1,1.0,-38.52001953125,11.227025032043457,4065.796375155449,-95.54573822021484,"{""OpenML_task_id"": ""126026"", ""batch_size"": 66, ""learning_rate"": 0.013283623441621723, ""max_dropout"": 0.7007390154226928, ""max_units"": 669, ""momentum"": 0.10301127359098736, ""num_layers"": 4, ""weight_decay"": 0.03758937974548731}"
asha,lcbench,126026,1,174,1,1.0,-42.102882385253906,7.03245735168457,4072.8288325071335,-95.54573822021484,"{""OpenML_task_id"": ""126026"", ""batch_size"": 51, ""learning_rate"": 0.022855118227862375, ""max_dropout"": 0.45319628433585757, ""max_units"": 142, ""momentum"": 0.6481372275555446, ""num_layers"": 2, ""weight_decay"": 0.06943698216458954}"
asha,lcbench,126026,1,175,1,1.0,-45.0968132019043,7.961174488067627,4080.790006995201,-95.54573822021484,"{""OpenML_task_id"": ""126026"", ""batch_size"": 253, ""learning_rate"": 0.007081173537723491, ""max_dropout"": 0.9517453204368351, ""max_units"": 432, ""momentum"": 0.5166129856732883, ""num_layers"": 5, ""weight_decay"": 0.004109588645403317}"
asha,lcbench,126026,1,176,1,1.0,-41.51256561279297,8.974954605102539,4089.7649616003036,-95.54573822021484,"{""OpenML_task_id"": ""126026"", ""batch_size"": 21, ""learning_rate"": 0.0008542551469596469, ""max_dropout"": 0.3839489932105994, ""max_units"": 307, ""momentum"": 0.903461608449084, ""num_layers"": 2, ""weight_decay"": 0.050508783988946586}"
asha,lcbench,126026,1,177,1,1.0,-45.227294921875,5.586390972137451,4095.351352572441,-95.54573822021484,"{""OpenML_task_id"": ""126026"", ""batch_size"": 247, ""learning_rate"": 0.057449930427907824, ""max_dropout"": 0.3390020451602441, ""max_units"": 66, ""momentum"": 0.32416016829582295, ""num_layers"": 2, ""weight_decay"": 0.006540566211751877}"
asha,lcbench,126026,1,178,1,1.0,-52.14309310913086,3.5239691734313965,4098.8753217458725,-95.54573822021484,"{""OpenML_task_id"": ""126026"", ""batch_size"": 416, ""learning_rate"": 0.02274013392637172, ""max_dropout"": 0.5823653644195771, ""max_units"": 192, ""momentum"": 0.20476228148593378, ""num_layers"": 5, ""weight_decay"": 0.07764316264586951}"
asha,lcbench,126026,1,178,2,3.0,-57.30818557739258,10.803105354309082,4109.678427100182,-95.54573822021484,"{""OpenML_task_id"": ""126026"", ""batch_size"": 416, ""learning_rate"": 0.02274013392637172, ""max_dropout"": 0.5823653644195771, ""max_units"": 192, ""momentum"": 0.20476228148593378, ""num_layers"": 5, ""weight_decay"": 0.07764316264586951}"
asha,lcbench,126026,1,179,1,1.0,-49.324180603027344,1.5744993686676025,4111.252926468849,-95.54573822021484,"{""OpenML_task_id"": ""126026"", ""batch_size"": 211, ""learning_rate"": 0.00010971251875324791, ""max_dropout"": 0.612604743802585, ""max_units"": 924, ""momentum"": 0.7005130248284441, ""num_layers"": 1, ""weight_decay"": 0.06321242019303823}"
asha,lcbench,126026,1,179,2,3.0,-66.040283203125,3.305037260055542,4114.557963728905,-95.54573822021484,"{""OpenML_task_id"": ""126026"", ""batch_size"": 211, ""learning_rate"": 0.00010971251875324791, ""max_dropout"": 0.612604743802585, ""max_units"": 924, ""momentum"": 0.7005130248284441, ""num_layers"": 1, ""weight_decay"": 0.06321242019303823}"
asha,lcbench,126026,1,180,1,1.0,-56.19578170776367,7.884478569030762,4122.4424422979355,-95.54573822021484,"{""OpenML_task_id"": ""126026"", ""batch_size"": 256, ""learning_rate"": 0.007805676723775816, ""max_dropout"": 0.5568895805048689, ""max_units"": 136, ""momentum"": 0.20253272160934632, ""num_layers"": 1, ""weight_decay"": 0.06399618264616991}"
asha,lcbench,126026,1,180,2,3.0,-90.04505157470703,11.291170120239258,4133.733612418175,-95.54573822021484,"{""OpenML_task_id"": ""126026"", ""batch_size"": 256, ""learning_rate"": 0.007805676723775816, ""max_dropout"": 0.5568895805048689, ""max_units"": 136, ""momentum"": 0.20253272160934632, ""num_layers"": 1, ""weight_decay"": 0.06399618264616991}"
asha,lcbench,126026,1,180,3,9.0,-91.36985778808594,16.18018341064453,4149.913795828819,-95.54573822021484,"{""OpenML_task_id"": ""126026"", ""batch_size"": 256, ""learning_rate"": 0.007805676723775816, ""max_dropout"": 0.5568895805048689, ""max_units"": 136, ""momentum"": 0.20253272160934632, ""num_layers"": 1, ""weight_decay"": 0.06399618264616991}"
asha,lcbench,126026,1,181,1,1.0,-48.28365707397461,1.8854663372039795,4151.799262166023,-95.54573822021484,"{""OpenML_task_id"": ""126026"", ""batch_size"": 28, ""learning_rate"": 0.00013689169173721616, ""max_dropout"": 0.9841741335080063, ""max_units"": 385, ""momentum"": 0.28958011958885976, ""num_layers"": 2, ""weight_decay"": 0.06895519583883102}"
asha,lcbench,126026,1,182,1,1.0,-35.7360954284668,11.176823616027832,4162.976085782051,-95.54573822021484,"{""OpenML_task_id"": ""126026"", ""batch_size"": 52, ""learning_rate"": 0.0024207989793093116, ""max_dropout"": 0.057287035182442714, ""max_units"": 190, ""momentum"": 0.48153838001315585, ""num_layers"": 4, ""weight_decay"": 0.07747848430667832}"
asha,lcbench,126026,1,183,1,1.0,-33.31476974487305,21.025970458984375,4184.0020562410355,-95.54573822021484,"{""OpenML_task_id"": ""126026"", ""batch_size"": 23, ""learning_rate"": 0.01770318245455336, ""max_dropout"": 0.9776116738578018, ""max_units"": 558, ""momentum"": 0.566038356077998, ""num_layers"": 4, ""weight_decay"": 0.027277177308936675}"
asha,lcbench,126026,1,184,1,1.0,-44.797882080078125,2.0165464878082275,4186.018602728844,-95.54573822021484,"{""OpenML_task_id"": ""126026"", ""batch_size"": 358, ""learning_rate"": 0.000419916479638504, ""max_dropout"": 0.324390120044181, ""max_units"": 118, ""momentum"": 0.16499813328731489, ""num_layers"": 3, ""weight_decay"": 0.03853124854964181}"
asha,lcbench,126026,1,185,1,1.0,-47.67660903930664,2.8462564945220947,4188.864859223366,-95.54573822021484,"{""OpenML_task_id"": ""126026"", ""batch_size"": 41, ""learning_rate"": 0.00016380498252031086, ""max_dropout"": 0.6715238401649216, ""max_units"": 668, ""momentum"": 0.6037318807185162, ""num_layers"": 2, ""weight_decay"": 0.011130128347287337}"
asha,lcbench,126026,1,186,1,1.0,-53.99038314819336,7.138436794281006,4196.003296017647,-95.54573822021484,"{""OpenML_task_id"": ""126026"", ""batch_size"": 84, ""learning_rate"": 0.019441855843412244, ""max_dropout"": 0.5504201456038674, ""max_units"": 281, ""momentum"": 0.6538058280075134, ""num_layers"": 5, ""weight_decay"": 0.07377262355149097}"
asha,lcbench,126026,1,186,2,3.0,-90.32471466064453,7.779893398284912,4203.783189415932,-95.54573822021484,"{""OpenML_task_id"": ""126026"", ""batch_size"": 84, ""learning_rate"": 0.019441855843412244, ""max_dropout"": 0.5504201456038674, ""max_units"": 281, ""momentum"": 0.6538058280075134, ""num_layers"": 5, ""weight_decay"": 0.07377262355149097}"
asha,lcbench,126026,1,186,3,9.0,-93.2398452758789,21.17099380493164,4224.954183220863,-95.54573822021484,"{""OpenML_task_id"": ""126026"", ""batch_size"": 84, ""learning_rate"": 0.019441855843412244, ""max_dropout"": 0.5504201456038674, ""max_units"": 281, ""momentum"": 0.6538058280075134, ""num_layers"": 5, ""weight_decay"": 0.07377262355149097}"
asha,lcbench,126026,1,186,4,27.0,-94.08556365966797,62.04153060913086,4286.995713829994,-95.54573822021484,"{""OpenML_task_id"": ""126026"", ""batch_size"": 84, ""learning_rate"": 0.019441855843412244, ""max_dropout"": 0.5504201456038674, ""max_units"": 281, ""momentum"": 0.6538058280075134, ""num_layers"": 5, ""weight_decay"": 0.07377262355149097}"
asha,lcbench,126026,1,186,5,52.0,-94.3674545288086,104.67328643798828,4391.6690002679825,-95.54573822021484,"{""OpenML_task_id"": ""126026"", ""batch_size"": 84, ""learning_rate"": 0.019441855843412244, ""max_dropout"": 0.5504201456038674, ""max_units"": 281, ""momentum"": 0.6538058280075134, ""num_layers"": 5, ""weight_decay"": 0.07377262355149097}"
asha,lcbench,126026,1,187,1,1.0,-37.730655670166016,10.232767105102539,4401.901767373085,-95.54573822021484,"{""OpenML_task_id"": ""126026"", ""batch_size"": 186, ""learning_rate"": 0.0025774548912575355, ""max_dropout"": 0.3170861573750654, ""max_units"": 150, ""momentum"": 0.6447891085578482, ""num_layers"": 4, ""weight_decay"": 0.019597877166118015}"
asha,lcbench,126026,1,188,1,1.0,-42.64200210571289,7.915156841278076,4409.816924214363,-95.54573822021484,"{""OpenML_task_id"": ""126026"", ""batch_size"": 40, ""learning_rate"": 0.009218160874997404, ""max_dropout"": 0.9545048165938343, ""max_units"": 190, ""momentum"": 0.9105783252807592, ""num_layers"": 2, ""weight_decay"": 0.09835688193397477}"
asha,lcbench,126026,1,189,1,1.0,-36.277896881103516,6.754957675933838,4416.571881890297,-95.54573822021484,"{""OpenML_task_id"": ""126026"", ""batch_size"": 20, ""learning_rate"": 0.0004379033265132375, ""max_dropout"": 0.7878720376748316, ""max_units"": 358, ""momentum"": 0.6858880241249464, ""num_layers"": 3, ""weight_decay"": 0.0973582441525838}"
asha,lcbench,126026,1,190,1,1.0,-46.09600067138672,6.575070858001709,4423.146952748299,-95.54573822021484,"{""OpenML_task_id"": ""126026"", ""batch_size"": 74, ""learning_rate"": 0.03927303281573706, ""max_dropout"": 0.4231068223196569, ""max_units"": 388, ""momentum"": 0.10798694071109341, ""num_layers"": 2, ""weight_decay"": 0.08392546570862842}"
asha,lcbench,126026,1,191,1,1.0,-35.590641021728516,6.093978404998779,4429.240931153297,-95.54573822021484,"{""OpenML_task_id"": ""126026"", ""batch_size"": 20, ""learning_rate"": 0.006883803090906278, ""max_dropout"": 0.8292866227609664, ""max_units"": 67, ""momentum"": 0.21229794391246476, ""num_layers"": 3, ""weight_decay"": 0.03544167093249646}"
asha,lcbench,126026,1,192,1,1.0,-48.78600311279297,2.1239206790924072,4431.36485183239,-95.54573822021484,"{""OpenML_task_id"": ""126026"", ""batch_size"": 262, ""learning_rate"": 0.00022752250035566523, ""max_dropout"": 0.596130748050699, ""max_units"": 621, ""momentum"": 0.6455632756709208, ""num_layers"": 1, ""weight_decay"": 0.013432050579749118}"
asha,lcbench,126026,1,192,2,3.0,-68.6941146850586,4.005061626434326,4435.369913458824,-95.54573822021484,"{""OpenML_task_id"": ""126026"", ""batch_size"": 262, ""learning_rate"": 0.00022752250035566523, ""max_dropout"": 0.596130748050699, ""max_units"": 621, ""momentum"": 0.6455632756709208, ""num_layers"": 1, ""weight_decay"": 0.013432050579749118}"
asha,lcbench,126026,1,193,1,1.0,-44.372711181640625,9.978973388671875,4445.348886847496,-95.54573822021484,"{""OpenML_task_id"": ""126026"", ""batch_size"": 109, ""learning_rate"": 0.0003872494461373837, ""max_dropout"": 0.7218796470919512, ""max_units"": 875, ""momentum"": 0.8544562641333437, ""num_layers"": 5, ""weight_decay"": 0.010207255260751875}"
asha,lcbench,126026,1,194,1,1.0,-51.290653228759766,6.2557373046875,4451.6046241521835,-95.54573822021484,"{""OpenML_task_id"": ""126026"", ""batch_size"": 105, ""learning_rate"": 0.0035614813416132316, ""max_dropout"": 0.7446405858184069, ""max_units"": 335, ""momentum"": 0.42683776060947887, ""num_layers"": 1, ""weight_decay"": 0.030693070526849827}"
asha,lcbench,126026,1,194,2,3.0,-90.96868133544922,8.378121376037598,4459.982745528221,-95.54573822021484,"{""OpenML_task_id"": ""126026"", ""batch_size"": 105, ""learning_rate"": 0.0035614813416132316, ""max_dropout"": 0.7446405858184069, ""max_units"": 335, ""momentum"": 0.42683776060947887, ""num_layers"": 1, ""weight_decay"": 0.030693070526849827}"
asha,lcbench,126026,1,194,3,9.0,-91.76994323730469,11.687199592590332,4471.6699451208115,-95.54573822021484,"{""OpenML_task_id"": ""126026"", ""batch_size"": 105, ""learning_rate"": 0.0035614813416132316, ""max_dropout"": 0.7446405858184069, ""max_units"": 335, ""momentum"": 0.42683776060947887, ""num_layers"": 1, ""weight_decay"": 0.030693070526849827}"
asha,lcbench,126026,1,195,1,1.0,-46.749595642089844,7.634868621826172,4479.304813742638,-95.54573822021484,"{""OpenML_task_id"": ""126026"", ""batch_size"": 85, ""learning_rate"": 0.02499102332228842, ""max_dropout"": 0.23570537628870292, ""max_units"": 484, ""momentum"": 0.10047560012421683, ""num_layers"": 3, ""weight_decay"": 0.06860794683938155}"
asha,lcbench,126026,1,196,1,1.0,-44.21332550048828,10.077980995178223,4489.382794737816,-95.54573822021484,"{""OpenML_task_id"": ""126026"", ""batch_size"": 147, ""learning_rate"": 0.0011879957182888822, ""max_dropout"": 0.8016664450459877, ""max_units"": 903, ""momentum"": 0.42592752880444207, ""num_layers"": 5, ""weight_decay"": 0.01127986922230172}"
asha,lcbench,126026,1,197,1,1.0,-47.33143997192383,5.770461559295654,4495.1532562971115,-95.54573822021484,"{""OpenML_task_id"": ""126026"", ""batch_size"": 343, ""learning_rate"": 0.010382897708831865, ""max_dropout"": 0.8608370131567378, ""max_units"": 760, ""momentum"": 0.873128437927106, ""num_layers"": 3, ""weight_decay"": 0.038703776551318264}"
asha,lcbench,126026,1,198,1,1.0,-35.58673095703125,7.996036529541016,4503.1492928266525,-95.54573822021484,"{""OpenML_task_id"": ""126026"", ""batch_size"": 362, ""learning_rate"": 0.0444714804898911, ""max_dropout"": 0.8934444102818081, ""max_units"": 109, ""momentum"": 0.7047034526240782, ""num_layers"": 4, ""weight_decay"": 0.044936664807123515}"
asha,lcbench,126026,1,199,1,1.0,-37.69853591918945,6.715912342071533,4509.865205168724,-95.54573822021484,"{""OpenML_task_id"": ""126026"", ""batch_size"": 290, ""learning_rate"": 0.02683040680613606, ""max_dropout"": 0.42499061001737326, ""max_units"": 111, ""momentum"": 0.2095020178554105, ""num_layers"": 4, ""weight_decay"": 0.07176028651861116}"
asha,lcbench,126026,1,200,1,1.0,-47.87495040893555,0.9497765302658081,4510.81498169899,-95.54573822021484,"{""OpenML_task_id"": ""126026"", ""batch_size"": 435, ""learning_rate"": 0.00011282200815102292, ""max_dropout"": 0.6519892441412466, ""max_units"": 84, ""momentum"": 0.44386626965282094, ""num_layers"": 3, ""weight_decay"": 0.030340938470406798}"
