algorithm,scenario,instance,seed,trial_id,rung,fidelity,validation_error,simulated_cost,cumulative_cost,best_validation_error,config_json
bohb,lcbench,168329,9,1,1,1.0,0.14511626958847046,3.0847110748291016,3.0847110748291016,0.14511626958847046,"{""OpenML_task_id"": ""168329"", ""batch_size"": 17, ""learning_rate"": 0.0032034929786131463, ""max_dropout"": 0.4957732931341461, ""max_units"": 93, ""momentum"": 0.22647886605453932, ""num_layers"": 5, ""weight_decay"": 0.04185663296924015}"
bohb,lcbench,168329,9,1,2,3.0,-1.1002769470214844,11.087577819824219,14.17228889465332,-1.1002769470214844,"{""OpenML_task_id"": ""168329"", ""batch_size"": 17, ""learning_rate"": 0.0032034929786131463, ""max_dropout"": 0.4957732931341461, ""max_units"": 93, ""momentum"": 0.22647886605453932, ""num_layers"": 5, ""weight_decay"": 0.04185663296924015}"
bohb,lcbench,168329,9,1,3,9.0,-1.9973676204681396,30.143016815185547,44.31530570983887,-1.9973676204681396,"{""OpenML_task_id"": ""168329"", ""batch_size"": 17, ""learning_rate"": 0.0032034929786131463, ""max_dropout"": 0.4957732931341461, ""max_units"": 93, ""momentum"": 0.22647886605453932, ""num_layers"": 5, ""weight_decay"": 0.04185663296924015}"
bohb,lcbench,168329,9,1,4,27.0,-2.9940192699432373,88.36077117919922,132.6760768890381,-2.9940192699432373,"{""OpenML_task_id"": ""168329"", ""batch_size"": 17, ""learning_rate"": 0.0032034929786131463, ""max_dropout"": 0.4957732931341461, ""max_units"": 93, ""momentum"": 0.22647886605453932, ""num_layers"": 5, ""weight_decay"": 0.04185663296924015}"
bohb,lcbench,168329,9,1,5,52.0,-5.536808490753174,165.8487091064453,298.5247859954834,-5.536808490753174,"{""OpenML_task_id"": ""168329"", ""batch_size"": 17, ""learning_rate"": 0.0032034929786131463, ""max_dropout"": 0.4957732931341461, ""max_units"": 93, ""momentum"": 0.22647886605453932, ""num_layers"": 5, ""weight_decay"": 0.04185663296924015}"
bohb,lcbench,168329,9,2,1,1.0,0.10826295614242554,8.712794303894043,307.23758029937744,-5.536808490753174,"{""OpenML_task_id"": ""168329"", ""batch_size"": 38, ""learning_rate"": 0.00017872238588396852, ""max_dropout"": 0.3454986400504001, ""max_units"": 102, ""momentum"": 0.8819175861240666, ""num_layers"": 4, ""weight_decay"": 0.0038844500994736596}"
bohb,lcbench,168329,9,2,2,3.0,-0.4586676359176636,25.343250274658203,332.58083057403564,-5.536808490753174,"{""OpenML_task_id"": ""168329"", ""batch_size"": 38, ""learning_rate"": 0.00017872238588396852, ""max_dropout"": 0.3454986400504001, ""max_units"": 102, ""momentum"": 0.8819175861240666, ""num_layers"": 4, ""weight_decay"": 0.0038844500994736596}"
bohb,lcbench,168329,9,3,1,1.0,-0.1192549467086792,5.076014995574951,337.6568455696106,-5.536808490753174,"{""OpenML_task_id"": ""168329"", ""batch_size"": 180, ""learning_rate"": 0.005227324329017692, ""max_dropout"": 0.8980071182251496, ""max_units"": 407, ""momentum"": 0.5875756269113686, ""num_layers"": 2, ""weight_decay"": 0.09433125727499911}"
bohb,lcbench,168329,9,3,2,3.0,-6.763925552368164,14.888904571533203,352.5457501411438,-6.763925552368164,"{""OpenML_task_id"": ""168329"", ""batch_size"": 180, ""learning_rate"": 0.005227324329017692, ""max_dropout"": 0.8980071182251496, ""max_units"": 407, ""momentum"": 0.5875756269113686, ""num_layers"": 2, ""weight_decay"": 0.09433125727499911}"
bohb,lcbench,168329,9,3,3,9.0,-5.200658798217773,34.45890426635742,387.0046544075012,-6.763925552368164,"{""OpenML_task_id"": ""168329"", ""batch_size"": 180, ""learning_rate"": 0.005227324329017692, ""max_dropout"": 0.8980071182251496, ""max_units"": 407, ""momentum"": 0.5875756269113686, ""num_layers"": 2, ""weight_decay"": 0.09433125727499911}"
bohb,lcbench,168329,9,3,4,27.0,-3.077465534210205,83.100830078125,470.1054844856262,-6.763925552368164,"{""OpenML_task_id"": ""168329"", ""batch_size"": 180, ""learning_rate"": 0.005227324329017692, ""max_dropout"": 0.8980071182251496, ""max_units"": 407, ""momentum"": 0.5875756269113686, ""num_layers"": 2, ""weight_decay"": 0.09433125727499911}"
bohb,lcbench,168329,9,3,5,52.0,-3.7027759552001953,144.69039916992188,614.7958836555481,-6.763925552368164,"{""OpenML_task_id"": ""168329"", ""batch_size"": 180, ""learning_rate"": 0.005227324329017692, ""max_dropout"": 0.8980071182251496, ""max_units"": 407, ""momentum"": 0.5875756269113686, ""num_layers"": 2, ""weight_decay"": 0.09433125727499911}"
bohb,lcbench,168329,9,4,1,1.0,0.13975781202316284,5.313075065612793,620.1089587211609,-6.763925552368164,"{""OpenML_task_id"": ""168329"", ""batch_size"": 142, ""learning_rate"": 0.0049500447375864, ""max_dropout"": 0.6395682354693746, ""max_units"": 534, ""momentum"": 0.4339363170067101, ""num_layers"": 1, ""weight_decay"": 0.09833609122995102}"
bohb,lcbench,168329,9,5,1,1.0,0.03610944747924805,6.078639507293701,626.1875982284546,-6.763925552368164,"{""OpenML_task_id"": ""168329"", ""batch_size"": 29, ""learning_rate"": 0.003658087878728051, ""max_dropout"": 0.9455174169762407, ""max_units"": 388, ""momentum"": 0.8661404116708701, ""num_layers"": 1, ""weight_decay"": 0.09806124897772307}"
bohb,lcbench,168329,9,5,2,3.0,-14.820684432983398,14.647661209106445,640.835259437561,-14.820684432983398,"{""OpenML_task_id"": ""168329"", ""batch_size"": 29, ""learning_rate"": 0.003658087878728051, ""max_dropout"": 0.9455174169762407, ""max_units"": 388, ""momentum"": 0.8661404116708701, ""num_layers"": 1, ""weight_decay"": 0.09806124897772307}"
bohb,lcbench,168329,9,5,3,9.0,-15.140937805175781,35.78643798828125,676.6216974258423,-15.140937805175781,"{""OpenML_task_id"": ""168329"", ""batch_size"": 29, ""learning_rate"": 0.003658087878728051, ""max_dropout"": 0.9455174169762407, ""max_units"": 388, ""momentum"": 0.8661404116708701, ""num_layers"": 1, ""weight_decay"": 0.09806124897772307}"
bohb,lcbench,168329,9,5,4,27.0,-14.502763748168945,74.9613037109375,751.5830011367798,-15.140937805175781,"{""OpenML_task_id"": ""168329"", ""batch_size"": 29, ""learning_rate"": 0.003658087878728051, ""max_dropout"": 0.9455174169762407, ""max_units"": 388, ""momentum"": 0.8661404116708701, ""num_layers"": 1, ""weight_decay"": 0.09806124897772307}"
bohb,lcbench,168329,9,5,5,52.0,-15.271968841552734,121.50733947753906,873.0903406143188,-15.271968841552734,"{""OpenML_task_id"": ""168329"", ""batch_size"": 29, ""learning_rate"": 0.003658087878728051, ""max_dropout"": 0.9455174169762407, ""max_units"": 388, ""momentum"": 0.8661404116708701, ""num_layers"": 1, ""weight_decay"": 0.09806124897772307}"
bohb,lcbench,168329,9,6,1,1.0,0.0479893684387207,7.758976459503174,880.849317073822,-15.271968841552734,"{""OpenML_task_id"": ""168329"", ""batch_size"": 186, ""learning_rate"": 0.014912678237920803, ""max_dropout"": 0.6360521446863563, ""max_units"": 773, ""momentum"": 0.21451469307690857, ""num_layers"": 4, ""weight_decay"": 0.0353431418262889}"
bohb,lcbench,168329,9,6,2,3.0,-2.2158286571502686,29.940818786621094,910.7901358604431,-15.271968841552734,"{""OpenML_task_id"": ""168329"", ""batch_size"": 186, ""learning_rate"": 0.014912678237920803, ""max_dropout"": 0.6360521446863563, ""max_units"": 773, ""momentum"": 0.21451469307690857, ""num_layers"": 4, ""weight_decay"": 0.0353431418262889}"
bohb,lcbench,168329,9,7,1,1.0,0.2065715193748474,5.815084457397461,916.6052203178406,-15.271968841552734,"{""OpenML_task_id"": ""168329"", ""batch_size"": 94, ""learning_rate"": 0.0005582147922294415, ""max_dropout"": 0.36409554707663316, ""max_units"": 660, ""momentum"": 0.5051038809059433, ""num_layers"": 1, ""weight_decay"": 0.0336967962341794}"
bohb,lcbench,168329,9,8,1,1.0,0.219432532787323,1.7432303428649902,918.3484506607056,-15.271968841552734,"{""OpenML_task_id"": ""168329"", ""batch_size"": 52, ""learning_rate"": 0.02821324285956906, ""max_dropout"": 0.9340162813140036, ""max_units"": 70, ""momentum"": 0.10151406449457433, ""num_layers"": 4, ""weight_decay"": 0.07798632578836448}"
bohb,lcbench,168329,9,9,1,1.0,-0.025725483894348145,6.119079113006592,924.4675297737122,-15.271968841552734,"{""OpenML_task_id"": ""168329"", ""batch_size"": 401, ""learning_rate"": 0.00048093705639272417, ""max_dropout"": 0.7029920086361955, ""max_units"": 155, ""momentum"": 0.3115987284790924, ""num_layers"": 3, ""weight_decay"": 0.03263998531321245}"
bohb,lcbench,168329,9,9,2,3.0,-0.05044853687286377,22.254497528076172,946.7220273017883,-15.271968841552734,"{""OpenML_task_id"": ""168329"", ""batch_size"": 401, ""learning_rate"": 0.00048093705639272417, ""max_dropout"": 0.7029920086361955, ""max_units"": 155, ""momentum"": 0.3115987284790924, ""num_layers"": 3, ""weight_decay"": 0.03263998531321245}"
bohb,lcbench,168329,9,10,1,1.0,0.1492835283279419,5.530612468719482,952.2526397705078,-15.271968841552734,"{""OpenML_task_id"": ""168329"", ""batch_size"": 127, ""learning_rate"": 0.002125684474131762, ""max_dropout"": 0.410538659358088, ""max_units"": 174, ""momentum"": 0.60461846394117, ""num_layers"": 1, ""weight_decay"": 0.0921765678989095}"
bohb,lcbench,168329,9,11,1,1.0,0.1720944046974182,3.8307528495788574,956.0833926200867,-15.271968841552734,"{""OpenML_task_id"": ""168329"", ""batch_size"": 66, ""learning_rate"": 0.00020514391448501842, ""max_dropout"": 0.4641796693608694, ""max_units"": 105, ""momentum"": 0.20133404846737601, ""num_layers"": 1, ""weight_decay"": 0.04127129410114768}"
bohb,lcbench,168329,9,12,1,1.0,0.13258075714111328,7.630684852600098,963.7140774726868,-15.271968841552734,"{""OpenML_task_id"": ""168329"", ""batch_size"": 18, ""learning_rate"": 0.021475220751211787, ""max_dropout"": 0.7593651665322537, ""max_units"": 858, ""momentum"": 0.9785202093302556, ""num_layers"": 1, ""weight_decay"": 0.004426700062425901}"
bohb,lcbench,168329,9,13,1,1.0,0.14538198709487915,6.65037202835083,970.3644495010376,-15.271968841552734,"{""OpenML_task_id"": ""168329"", ""batch_size"": 16, ""learning_rate"": 0.011512232801527286, ""max_dropout"": 0.3698348339633827, ""max_units"": 774, ""momentum"": 0.550987908451347, ""num_layers"": 1, ""weight_decay"": 0.06703984772712533}"
bohb,lcbench,168329,9,14,1,1.0,0.012605667114257812,11.9800386428833,982.3444881439209,-15.271968841552734,"{""OpenML_task_id"": ""168329"", ""batch_size"": 18, ""learning_rate"": 0.0006242727892450731, ""max_dropout"": 0.06166989101737852, ""max_units"": 423, ""momentum"": 0.5485643826343688, ""num_layers"": 5, ""weight_decay"": 0.009395561140619908}"
bohb,lcbench,168329,9,14,2,3.0,-1.8934690952301025,34.761505126953125,1017.105993270874,-15.271968841552734,"{""OpenML_task_id"": ""168329"", ""batch_size"": 18, ""learning_rate"": 0.0006242727892450731, ""max_dropout"": 0.06166989101737852, ""max_units"": 423, ""momentum"": 0.5485643826343688, ""num_layers"": 5, ""weight_decay"": 0.009395561140619908}"
bohb,lcbench,168329,9,15,1,1.0,0.07021117210388184,4.975613117218018,1022.081606388092,-15.271968841552734,"{""OpenML_task_id"": ""168329"", ""batch_size"": 99, ""learning_rate"": 0.004289817450497189, ""max_dropout"": 0.3894813132471828, ""max_units"": 72, ""momentum"": 0.23301481928679804, ""num_layers"": 3, ""weight_decay"": 0.040758729363837364}"
bohb,lcbench,168329,9,15,2,3.0,-1.4713490009307861,15.905473709106445,1037.9870800971985,-15.271968841552734,"{""OpenML_task_id"": ""168329"", ""batch_size"": 99, ""learning_rate"": 0.004289817450497189, ""max_dropout"": 0.3894813132471828, ""max_units"": 72, ""momentum"": 0.23301481928679804, ""num_layers"": 3, ""weight_decay"": 0.040758729363837364}"
bohb,lcbench,168329,9,16,1,1.0,0.2456929087638855,4.2212042808532715,1042.2082843780518,-15.271968841552734,"{""OpenML_task_id"": ""168329"", ""batch_size"": 153, ""learning_rate"": 0.0024283751368491995, ""max_dropout"": 0.4334120209009428, ""max_units"": 110, ""momentum"": 0.1545148967482514, ""num_layers"": 4, ""weight_decay"": 0.0629923602099354}"
bohb,lcbench,168329,9,17,1,1.0,0.15363723039627075,4.463842391967773,1046.6721267700195,-15.271968841552734,"{""OpenML_task_id"": ""168329"", ""batch_size"": 21, ""learning_rate"": 0.018311361934028943, ""max_dropout"": 0.15745550017556775, ""max_units"": 99, ""momentum"": 0.7971182912255802, ""num_layers"": 2, ""weight_decay"": 0.05684433490884608}"
bohb,lcbench,168329,9,18,1,1.0,0.07644855976104736,7.152381896972656,1053.8245086669922,-15.271968841552734,"{""OpenML_task_id"": ""168329"", ""batch_size"": 24, ""learning_rate"": 0.03051117106271665, ""max_dropout"": 0.18932684139744715, ""max_units"": 662, ""momentum"": 0.6230499557480668, ""num_layers"": 2, ""weight_decay"": 0.038190964196859044}"
bohb,lcbench,168329,9,18,2,3.0,-10.083341598510742,19.160167694091797,1072.984676361084,-15.271968841552734,"{""OpenML_task_id"": ""168329"", ""batch_size"": 24, ""learning_rate"": 0.03051117106271665, ""max_dropout"": 0.18932684139744715, ""max_units"": 662, ""momentum"": 0.6230499557480668, ""num_layers"": 2, ""weight_decay"": 0.038190964196859044}"
bohb,lcbench,168329,9,18,3,9.0,-9.026246070861816,52.40434646606445,1125.3890228271484,-15.271968841552734,"{""OpenML_task_id"": ""168329"", ""batch_size"": 24, ""learning_rate"": 0.03051117106271665, ""max_dropout"": 0.18932684139744715, ""max_units"": 662, ""momentum"": 0.6230499557480668, ""num_layers"": 2, ""weight_decay"": 0.038190964196859044}"
bohb,lcbench,168329,9,18,4,27.0,-10.181588172912598,119.6624526977539,1245.0514755249023,-15.271968841552734,"{""OpenML_task_id"": ""168329"", ""batch_size"": 24, ""learning_rate"": 0.03051117106271665, ""max_dropout"": 0.18932684139744715, ""max_units"": 662, ""momentum"": 0.6230499557480668, ""num_layers"": 2, ""weight_decay"": 0.038190964196859044}"
bohb,lcbench,168329,9,18,5,52.0,-12.026603698730469,194.0839385986328,1439.1354141235352,-15.271968841552734,"{""OpenML_task_id"": ""168329"", ""batch_size"": 24, ""learning_rate"": 0.03051117106271665, ""max_dropout"": 0.18932684139744715, ""max_units"": 662, ""momentum"": 0.6230499557480668, ""num_layers"": 2, ""weight_decay"": 0.038190964196859044}"
bohb,lcbench,168329,9,19,1,1.0,-0.04926908016204834,5.628225326538086,1444.7636394500732,-15.271968841552734,"{""OpenML_task_id"": ""168329"", ""batch_size"": 124, ""learning_rate"": 0.011605385602203961, ""max_dropout"": 0.5670225182521955, ""max_units"": 598, ""momentum"": 0.6625891813306869, ""num_layers"": 2, ""weight_decay"": 0.09885330342484835}"
bohb,lcbench,168329,9,19,2,3.0,-5.216775894165039,17.315284729003906,1462.0789241790771,-15.271968841552734,"{""OpenML_task_id"": ""168329"", ""batch_size"": 124, ""learning_rate"": 0.011605385602203961, ""max_dropout"": 0.5670225182521955, ""max_units"": 598, ""momentum"": 0.6625891813306869, ""num_layers"": 2, ""weight_decay"": 0.09885330342484835}"
bohb,lcbench,168329,9,19,3,9.0,-2.057115077972412,46.73442840576172,1508.8133525848389,-15.271968841552734,"{""OpenML_task_id"": ""168329"", ""batch_size"": 124, ""learning_rate"": 0.011605385602203961, ""max_dropout"": 0.5670225182521955, ""max_units"": 598, ""momentum"": 0.6625891813306869, ""num_layers"": 2, ""weight_decay"": 0.09885330342484835}"
bohb,lcbench,168329,9,20,1,1.0,0.07740283012390137,4.897522926330566,1513.7108755111694,-15.271968841552734,"{""OpenML_task_id"": ""168329"", ""batch_size"": 441, ""learning_rate"": 0.00048312791472963554, ""max_dropout"": 0.353000263614204, ""max_units"": 717, ""momentum"": 0.9709664692004558, ""num_layers"": 1, ""weight_decay"": 0.03045029139330924}"
bohb,lcbench,168329,9,21,1,1.0,0.25719326734542847,3.7903130054473877,1517.5011885166168,-15.271968841552734,"{""OpenML_task_id"": ""168329"", ""batch_size"": 50, ""learning_rate"": 0.002244979530847966, ""max_dropout"": 0.43172619860561157, ""max_units"": 190, ""momentum"": 0.5307562724452989, ""num_layers"": 5, ""weight_decay"": 0.04402204441003257}"
bohb,lcbench,168329,9,22,1,1.0,0.577890157699585,7.972330570220947,1525.4735190868378,-15.271968841552734,"{""OpenML_task_id"": ""168329"", ""batch_size"": 333, ""learning_rate"": 0.00013473013685083026, ""max_dropout"": 0.24663671170464374, ""max_units"": 76, ""momentum"": 0.37547054790333945, ""num_layers"": 5, ""weight_decay"": 0.0442819917015881}"
bohb,lcbench,168329,9,23,1,1.0,0.5646379590034485,2.489272117614746,1527.9627912044525,-15.271968841552734,"{""OpenML_task_id"": ""168329"", ""batch_size"": 59, ""learning_rate"": 0.039977755042268096, ""max_dropout"": 0.6562913260024945, ""max_units"": 120, ""momentum"": 0.662351818703192, ""num_layers"": 5, ""weight_decay"": 0.09086607689854317}"
bohb,lcbench,168329,9,24,1,1.0,0.5876981914043427,6.529053211212158,1534.4918444156647,-15.271968841552734,"{""OpenML_task_id"": ""168329"", ""batch_size"": 205, ""learning_rate"": 0.0002422298417682487, ""max_dropout"": 0.7407118252994009, ""max_units"": 177, ""momentum"": 0.5192462765054391, ""num_layers"": 5, ""weight_decay"": 0.08900203370944258}"
bohb,lcbench,168329,9,25,1,1.0,0.12114483118057251,3.5922982692718506,1538.0841426849365,-15.271968841552734,"{""OpenML_task_id"": ""168329"", ""batch_size"": 45, ""learning_rate"": 0.047869079963581834, ""max_dropout"": 0.9886696960441326, ""max_units"": 224, ""momentum"": 0.8427503683529084, ""num_layers"": 1, ""weight_decay"": 0.027282964523366187}"
bohb,lcbench,168329,9,26,1,1.0,0.06088435649871826,5.1596832275390625,1543.2438259124756,-15.271968841552734,"{""OpenML_task_id"": ""168329"", ""batch_size"": 26, ""learning_rate"": 0.007682098078721295, ""max_dropout"": 0.19422991948829582, ""max_units"": 135, ""momentum"": 0.43582534261015204, ""num_layers"": 3, ""weight_decay"": 0.06037249504936736}"
bohb,lcbench,168329,9,26,2,3.0,-2.818650722503662,16.20389175415039,1559.447717666626,-15.271968841552734,"{""OpenML_task_id"": ""168329"", ""batch_size"": 26, ""learning_rate"": 0.007682098078721295, ""max_dropout"": 0.19422991948829582, ""max_units"": 135, ""momentum"": 0.43582534261015204, ""num_layers"": 3, ""weight_decay"": 0.06037249504936736}"
bohb,lcbench,168329,9,27,1,1.0,0.2560575604438782,4.7287917137146,1564.1765093803406,-15.271968841552734,"{""OpenML_task_id"": ""168329"", ""batch_size"": 67, ""learning_rate"": 0.06225504763514896, ""max_dropout"": 0.23082193445387622, ""max_units"": 299, ""momentum"": 0.44237968918691983, ""num_layers"": 1, ""weight_decay"": 0.09471785364756584}"
bohb,lcbench,168329,9,28,1,1.0,0.29664695262908936,2.1378655433654785,1566.314374923706,-15.271968841552734,"{""OpenML_task_id"": ""168329"", ""batch_size"": 54, ""learning_rate"": 0.0075344928019579266, ""max_dropout"": 0.9383715220732827, ""max_units"": 78, ""momentum"": 0.35566325546233857, ""num_layers"": 5, ""weight_decay"": 0.020154642108205622}"
bohb,lcbench,168329,9,29,1,1.0,-0.031546592712402344,11.362288475036621,1577.6766633987427,-15.271968841552734,"{""OpenML_task_id"": ""168329"", ""batch_size"": 20, ""learning_rate"": 0.005063711034703186, ""max_dropout"": 0.09690714107250042, ""max_units"": 168, ""momentum"": 0.17456872977104465, ""num_layers"": 3, ""weight_decay"": 0.0011779179493039123}"
bohb,lcbench,168329,9,29,2,3.0,-9.843087196350098,26.153438568115234,1603.830101966858,-15.271968841552734,"{""OpenML_task_id"": ""168329"", ""batch_size"": 20, ""learning_rate"": 0.005063711034703186, ""max_dropout"": 0.09690714107250042, ""max_units"": 168, ""momentum"": 0.17456872977104465, ""num_layers"": 3, ""weight_decay"": 0.0011779179493039123}"
bohb,lcbench,168329,9,29,3,9.0,-22.32292938232422,60.089271545410156,1663.919373512268,-22.32292938232422,"{""OpenML_task_id"": ""168329"", ""batch_size"": 20, ""learning_rate"": 0.005063711034703186, ""max_dropout"": 0.09690714107250042, ""max_units"": 168, ""momentum"": 0.17456872977104465, ""num_layers"": 3, ""weight_decay"": 0.0011779179493039123}"
bohb,lcbench,168329,9,29,4,27.0,-28.8647518157959,143.78817749023438,1807.7075510025024,-28.8647518157959,"{""OpenML_task_id"": ""168329"", ""batch_size"": 20, ""learning_rate"": 0.005063711034703186, ""max_dropout"": 0.09690714107250042, ""max_units"": 168, ""momentum"": 0.17456872977104465, ""num_layers"": 3, ""weight_decay"": 0.0011779179493039123}"
bohb,lcbench,168329,9,29,5,52.0,-30.157365798950195,242.35772705078125,2050.0652780532837,-30.157365798950195,"{""OpenML_task_id"": ""168329"", ""batch_size"": 20, ""learning_rate"": 0.005063711034703186, ""max_dropout"": 0.09690714107250042, ""max_units"": 168, ""momentum"": 0.17456872977104465, ""num_layers"": 3, ""weight_decay"": 0.0011779179493039123}"
bohb,lcbench,168329,9,30,1,1.0,0.12712210416793823,1.8408432006835938,2051.9061212539673,-30.157365798950195,"{""OpenML_task_id"": ""168329"", ""batch_size"": 245, ""learning_rate"": 0.05117683221789327, ""max_dropout"": 0.7686231565897599, ""max_units"": 113, ""momentum"": 0.9147781038587443, ""num_layers"": 3, ""weight_decay"": 0.07164330965632927}"
bohb,lcbench,168329,9,31,1,1.0,0.0811469554901123,7.503788471221924,2059.409909725189,-30.157365798950195,"{""OpenML_task_id"": ""168329"", ""batch_size"": 91, ""learning_rate"": 0.006017761657920838, ""max_dropout"": 0.23004721299627673, ""max_units"": 225, ""momentum"": 0.42453310060017446, ""num_layers"": 3, ""weight_decay"": 0.025524645910081998}"
bohb,lcbench,168329,9,32,1,1.0,0.1996467113494873,7.321112632751465,2066.7310223579407,-30.157365798950195,"{""OpenML_task_id"": ""168329"", ""batch_size"": 25, ""learning_rate"": 0.0003495453965684372, ""max_dropout"": 0.5165184054734823, ""max_units"": 262, ""momentum"": 0.7360458919508673, ""num_layers"": 5, ""weight_decay"": 0.018203746091734245}"
bohb,lcbench,168329,9,33,1,1.0,0.18049025535583496,7.600006580352783,2074.3310289382935,-30.157365798950195,"{""OpenML_task_id"": ""168329"", ""batch_size"": 95, ""learning_rate"": 0.03312835537477965, ""max_dropout"": 0.44686213174706, ""max_units"": 885, ""momentum"": 0.7328343424296064, ""num_layers"": 4, ""weight_decay"": 0.030887681621044834}"
bohb,lcbench,168329,9,34,1,1.0,-0.2747306823730469,9.793508529663086,2084.1245374679565,-30.157365798950195,"{""OpenML_task_id"": ""168329"", ""batch_size"": 25, ""learning_rate"": 0.0004911955892793779, ""max_dropout"": 0.04128631366310931, ""max_units"": 970, ""momentum"": 0.6224592913117735, ""num_layers"": 2, ""weight_decay"": 0.08576016813001382}"
bohb,lcbench,168329,9,34,2,3.0,-11.859770774841309,26.96920394897461,2111.093741416931,-30.157365798950195,"{""OpenML_task_id"": ""168329"", ""batch_size"": 25, ""learning_rate"": 0.0004911955892793779, ""max_dropout"": 0.04128631366310931, ""max_units"": 970, ""momentum"": 0.6224592913117735, ""num_layers"": 2, ""weight_decay"": 0.08576016813001382}"
bohb,lcbench,168329,9,34,3,9.0,-11.240396499633789,71.81956481933594,2182.913306236267,-30.157365798950195,"{""OpenML_task_id"": ""168329"", ""batch_size"": 25, ""learning_rate"": 0.0004911955892793779, ""max_dropout"": 0.04128631366310931, ""max_units"": 970, ""momentum"": 0.6224592913117735, ""num_layers"": 2, ""weight_decay"": 0.08576016813001382}"
bohb,lcbench,168329,9,34,4,27.0,-7.832062721252441,186.97772216796875,2369.891028404236,-30.157365798950195,"{""OpenML_task_id"": ""168329"", ""batch_size"": 25, ""learning_rate"": 0.0004911955892793779, ""max_dropout"": 0.04128631366310931, ""max_units"": 970, ""momentum"": 0.6224592913117735, ""num_layers"": 2, ""weight_decay"": 0.08576016813001382}"
bohb,lcbench,168329,9,35,1,1.0,-0.00337982177734375,5.020236015319824,2374.9112644195557,-30.157365798950195,"{""OpenML_task_id"": ""168329"", ""batch_size"": 91, ""learning_rate"": 0.001504547997156987, ""max_dropout"": 0.4925327112724638, ""max_units"": 86, ""momentum"": 0.3806853948192537, ""num_layers"": 2, ""weight_decay"": 0.07534206014474648}"
bohb,lcbench,168329,9,35,2,3.0,-1.5673713684082031,15.750687599182129,2390.661952018738,-30.157365798950195,"{""OpenML_task_id"": ""168329"", ""batch_size"": 91, ""learning_rate"": 0.001504547997156987, ""max_dropout"": 0.4925327112724638, ""max_units"": 86, ""momentum"": 0.3806853948192537, ""num_layers"": 2, ""weight_decay"": 0.07534206014474648}"
bohb,lcbench,168329,9,36,1,1.0,0.14594578742980957,6.833047866821289,2397.494999885559,-30.157365798950195,"{""OpenML_task_id"": ""168329"", ""batch_size"": 24, ""learning_rate"": 0.0010534725720912313, ""max_dropout"": 0.7402473846217664, ""max_units"": 219, ""momentum"": 0.29737747079994825, ""num_layers"": 1, ""weight_decay"": 0.008047239410603181}"
bohb,lcbench,168329,9,37,1,1.0,-0.08090102672576904,7.851011276245117,2405.346011161804,-30.157365798950195,"{""OpenML_task_id"": ""168329"", ""batch_size"": 36, ""learning_rate"": 0.001970712152227082, ""max_dropout"": 0.6015139634727427, ""max_units"": 447, ""momentum"": 0.812732210043231, ""num_layers"": 2, ""weight_decay"": 0.08630052536563078}"
bohb,lcbench,168329,9,37,2,3.0,-7.379543304443359,18.891033172607422,2424.2370443344116,-30.157365798950195,"{""OpenML_task_id"": ""168329"", ""batch_size"": 36, ""learning_rate"": 0.001970712152227082, ""max_dropout"": 0.6015139634727427, ""max_units"": 447, ""momentum"": 0.812732210043231, ""num_layers"": 2, ""weight_decay"": 0.08630052536563078}"
bohb,lcbench,168329,9,37,3,9.0,-3.2785706520080566,45.81965637207031,2470.056700706482,-30.157365798950195,"{""OpenML_task_id"": ""168329"", ""batch_size"": 36, ""learning_rate"": 0.001970712152227082, ""max_dropout"": 0.6015139634727427, ""max_units"": 447, ""momentum"": 0.812732210043231, ""num_layers"": 2, ""weight_decay"": 0.08630052536563078}"
bohb,lcbench,168329,9,38,1,1.0,0.13662809133529663,17.235797882080078,2487.292498588562,-30.157365798950195,"{""OpenML_task_id"": ""168329"", ""batch_size"": 18, ""learning_rate"": 0.00016698078412102235, ""max_dropout"": 0.7683798824364713, ""max_units"": 1018, ""momentum"": 0.5334273634132596, ""num_layers"": 5, ""weight_decay"": 0.04184946336599628}"
bohb,lcbench,168329,9,39,1,1.0,-0.04858279228210449,3.250653028488159,2490.54315161705,-30.157365798950195,"{""OpenML_task_id"": ""168329"", ""batch_size"": 497, ""learning_rate"": 0.08274260278275922, ""max_dropout"": 0.9134031996550774, ""max_units"": 333, ""momentum"": 0.22669609547629815, ""num_layers"": 3, ""weight_decay"": 0.06412639688237348}"
bohb,lcbench,168329,9,39,2,3.0,-1.7534470558166504,13.361959457397461,2503.9051110744476,-30.157365798950195,"{""OpenML_task_id"": ""168329"", ""batch_size"": 497, ""learning_rate"": 0.08274260278275922, ""max_dropout"": 0.9134031996550774, ""max_units"": 333, ""momentum"": 0.22669609547629815, ""num_layers"": 3, ""weight_decay"": 0.06412639688237348}"
bohb,lcbench,168329,9,40,1,1.0,0.14674526453018188,2.298229694366455,2506.203340768814,-30.157365798950195,"{""OpenML_task_id"": ""168329"", ""batch_size"": 324, ""learning_rate"": 0.018314737788557762, ""max_dropout"": 0.6561143231825195, ""max_units"": 114, ""momentum"": 0.6938701265461183, ""num_layers"": 4, ""weight_decay"": 0.061301719511661815}"
bohb,lcbench,168329,9,41,1,1.0,0.6200785040855408,4.389935493469238,2510.5932762622833,-30.157365798950195,"{""OpenML_task_id"": ""168329"", ""batch_size"": 138, ""learning_rate"": 0.0019360398917576372, ""max_dropout"": 0.9520030907676241, ""max_units"": 280, ""momentum"": 0.27070226509139916, ""num_layers"": 5, ""weight_decay"": 0.09836025612908851}"
bohb,lcbench,168329,9,42,1,1.0,0.2318623661994934,7.166326522827148,2517.7596027851105,-30.157365798950195,"{""OpenML_task_id"": ""168329"", ""batch_size"": 154, ""learning_rate"": 0.02677503560648981, ""max_dropout"": 0.33379811110668134, ""max_units"": 175, ""momentum"": 0.6331483300023769, ""num_layers"": 1, ""weight_decay"": 0.005213213978360029}"
bohb,lcbench,168329,9,43,1,1.0,-0.004666686058044434,6.022860527038574,2523.782463312149,-30.157365798950195,"{""OpenML_task_id"": ""168329"", ""batch_size"": 191, ""learning_rate"": 0.00010532444492240858, ""max_dropout"": 0.2780520635866003, ""max_units"": 571, ""momentum"": 0.3191350925319789, ""num_layers"": 2, ""weight_decay"": 0.0973073485847899}"
bohb,lcbench,168329,9,43,2,3.0,-0.224265456199646,23.821884155273438,2547.6043474674225,-30.157365798950195,"{""OpenML_task_id"": ""168329"", ""batch_size"": 191, ""learning_rate"": 0.00010532444492240858, ""max_dropout"": 0.2780520635866003, ""max_units"": 571, ""momentum"": 0.3191350925319789, ""num_layers"": 2, ""weight_decay"": 0.0973073485847899}"
bohb,lcbench,168329,9,44,1,1.0,-0.02702927589416504,4.288139343261719,2551.892486810684,-30.157365798950195,"{""OpenML_task_id"": ""168329"", ""batch_size"": 326, ""learning_rate"": 0.00039896880544178025, ""max_dropout"": 0.3891186751481077, ""max_units"": 103, ""momentum"": 0.32328322844619634, ""num_layers"": 2, ""weight_decay"": 0.03851278385662323}"
bohb,lcbench,168329,9,44,2,3.0,-0.1593877077102661,17.207908630371094,2569.1003954410553,-30.157365798950195,"{""OpenML_task_id"": ""168329"", ""batch_size"": 326, ""learning_rate"": 0.00039896880544178025, ""max_dropout"": 0.3891186751481077, ""max_units"": 103, ""momentum"": 0.32328322844619634, ""num_layers"": 2, ""weight_decay"": 0.03851278385662323}"
bohb,lcbench,168329,9,45,1,1.0,0.14228582382202148,4.974218845367432,2574.0746142864227,-30.157365798950195,"{""OpenML_task_id"": ""168329"", ""batch_size"": 84, ""learning_rate"": 0.011519397377565268, ""max_dropout"": 0.6922677928172177, ""max_units"": 146, ""momentum"": 0.42428550711324386, ""num_layers"": 1, ""weight_decay"": 0.07506577304436386}"
bohb,lcbench,168329,9,46,1,1.0,-0.046900153160095215,7.912368297576904,2581.9869825839996,-30.157365798950195,"{""OpenML_task_id"": ""168329"", ""batch_size"": 22, ""learning_rate"": 0.0038409020170763163, ""max_dropout"": 0.435289169680918, ""max_units"": 515, ""momentum"": 0.8803097684286362, ""num_layers"": 2, ""weight_decay"": 0.0696985207787178}"
bohb,lcbench,168329,9,46,2,3.0,-5.834619998931885,19.3079833984375,2601.294965982437,-30.157365798950195,"{""OpenML_task_id"": ""168329"", ""batch_size"": 22, ""learning_rate"": 0.0038409020170763163, ""max_dropout"": 0.435289169680918, ""max_units"": 515, ""momentum"": 0.8803097684286362, ""num_layers"": 2, ""weight_decay"": 0.0696985207787178}"
bohb,lcbench,168329,9,46,3,9.0,-2.7369284629821777,48.096824645996094,2649.3917906284332,-30.157365798950195,"{""OpenML_task_id"": ""168329"", ""batch_size"": 22, ""learning_rate"": 0.0038409020170763163, ""max_dropout"": 0.435289169680918, ""max_units"": 515, ""momentum"": 0.8803097684286362, ""num_layers"": 2, ""weight_decay"": 0.0696985207787178}"
bohb,lcbench,168329,9,47,1,1.0,-0.168509840965271,12.526671409606934,2661.91846203804,-30.157365798950195,"{""OpenML_task_id"": ""168329"", ""batch_size"": 18, ""learning_rate"": 0.0010239604063970898, ""max_dropout"": 0.295680980234749, ""max_units"": 526, ""momentum"": 0.2932829583937588, ""num_layers"": 2, ""weight_decay"": 0.015140266680347795}"
bohb,lcbench,168329,9,47,2,3.0,-10.74857234954834,28.30789566040039,2690.2263576984406,-30.157365798950195,"{""OpenML_task_id"": ""168329"", ""batch_size"": 18, ""learning_rate"": 0.0010239604063970898, ""max_dropout"": 0.295680980234749, ""max_units"": 526, ""momentum"": 0.2932829583937588, ""num_layers"": 2, ""weight_decay"": 0.015140266680347795}"
bohb,lcbench,168329,9,47,3,9.0,-18.744403839111328,67.42977142333984,2757.6561291217804,-30.157365798950195,"{""OpenML_task_id"": ""168329"", ""batch_size"": 18, ""learning_rate"": 0.0010239604063970898, ""max_dropout"": 0.295680980234749, ""max_units"": 526, ""momentum"": 0.2932829583937588, ""num_layers"": 2, ""weight_decay"": 0.015140266680347795}"
bohb,lcbench,168329,9,47,4,27.0,-21.684009552001953,157.7816925048828,2915.437821626663,-30.157365798950195,"{""OpenML_task_id"": ""168329"", ""batch_size"": 18, ""learning_rate"": 0.0010239604063970898, ""max_dropout"": 0.295680980234749, ""max_units"": 526, ""momentum"": 0.2932829583937588, ""num_layers"": 2, ""weight_decay"": 0.015140266680347795}"
bohb,lcbench,168329,9,47,5,52.0,-21.705825805664062,260.7201232910156,3176.157944917679,-30.157365798950195,"{""OpenML_task_id"": ""168329"", ""batch_size"": 18, ""learning_rate"": 0.0010239604063970898, ""max_dropout"": 0.295680980234749, ""max_units"": 526, ""momentum"": 0.2932829583937588, ""num_layers"": 2, ""weight_decay"": 0.015140266680347795}"
bohb,lcbench,168329,9,48,1,1.0,0.22274696826934814,6.8009748458862305,3182.958919763565,-30.157365798950195,"{""OpenML_task_id"": ""168329"", ""batch_size"": 66, ""learning_rate"": 0.0048340054704359365, ""max_dropout"": 0.23995272491129882, ""max_units"": 130, ""momentum"": 0.2866289689421633, ""num_layers"": 1, ""weight_decay"": 0.005785068459864428}"
bohb,lcbench,168329,9,49,1,1.0,-0.2408297061920166,14.042460441589355,3197.0013802051544,-30.157365798950195,"{""OpenML_task_id"": ""168329"", ""batch_size"": 20, ""learning_rate"": 0.001055576350177674, ""max_dropout"": 0.9800341628020925, ""max_units"": 388, ""momentum"": 0.4699351870630234, ""num_layers"": 2, ""weight_decay"": 0.0009646972818555156}"
bohb,lcbench,168329,9,49,2,3.0,-9.553069114685059,30.140228271484375,3227.141608476639,-30.157365798950195,"{""OpenML_task_id"": ""168329"", ""batch_size"": 20, ""learning_rate"": 0.001055576350177674, ""max_dropout"": 0.9800341628020925, ""max_units"": 388, ""momentum"": 0.4699351870630234, ""num_layers"": 2, ""weight_decay"": 0.0009646972818555156}"
bohb,lcbench,168329,9,49,3,9.0,-21.137666702270508,61.92021179199219,3289.061820268631,-30.157365798950195,"{""OpenML_task_id"": ""168329"", ""batch_size"": 20, ""learning_rate"": 0.001055576350177674, ""max_dropout"": 0.9800341628020925, ""max_units"": 388, ""momentum"": 0.4699351870630234, ""num_layers"": 2, ""weight_decay"": 0.0009646972818555156}"
bohb,lcbench,168329,9,49,4,27.0,-25.187137603759766,130.64529418945312,3419.707114458084,-30.157365798950195,"{""OpenML_task_id"": ""168329"", ""batch_size"": 20, ""learning_rate"": 0.001055576350177674, ""max_dropout"": 0.9800341628020925, ""max_units"": 388, ""momentum"": 0.4699351870630234, ""num_layers"": 2, ""weight_decay"": 0.0009646972818555156}"
bohb,lcbench,168329,9,49,5,52.0,-24.68190574645996,210.35183715820312,3630.0589516162872,-30.157365798950195,"{""OpenML_task_id"": ""168329"", ""batch_size"": 20, ""learning_rate"": 0.001055576350177674, ""max_dropout"": 0.9800341628020925, ""max_units"": 388, ""momentum"": 0.4699351870630234, ""num_layers"": 2, ""weight_decay"": 0.0009646972818555156}"
bohb,lcbench,168329,9,50,1,1.0,0.07285511493682861,8.2330961227417,3638.292047739029,-30.157365798950195,"{""OpenML_task_id"": ""168329"", ""batch_size"": 26, ""learning_rate"": 0.00032347853411508455, ""max_dropout"": 0.05063520582750192, ""max_units"": 129, ""momentum"": 0.9295096637848502, ""num_layers"": 4, ""weight_decay"": 0.01931938213252752}"
bohb,lcbench,168329,9,51,1,1.0,0.0791274905204773,3.1377007961273193,3641.4297485351562,-30.157365798950195,"{""OpenML_task_id"": ""168329"", ""batch_size"": 46, ""learning_rate"": 0.008454575569190903, ""max_dropout"": 0.8647099365581757, ""max_units"": 137, ""momentum"": 0.20917743488765278, ""num_layers"": 4, ""weight_decay"": 0.043743719128856676}"
bohb,lcbench,168329,9,52,1,1.0,0.042246878147125244,4.540538311004639,3645.970286846161,-30.157365798950195,"{""OpenML_task_id"": ""168329"", ""batch_size"": 86, ""learning_rate"": 0.018393894718892186, ""max_dropout"": 0.8398580622805109, ""max_units"": 80, ""momentum"": 0.8304962632133934, ""num_layers"": 3, ""weight_decay"": 0.004626466797675378}"
bohb,lcbench,168329,9,52,2,3.0,-8.390928268432617,11.450139999389648,3657.4204268455505,-30.157365798950195,"{""OpenML_task_id"": ""168329"", ""batch_size"": 86, ""learning_rate"": 0.018393894718892186, ""max_dropout"": 0.8398580622805109, ""max_units"": 80, ""momentum"": 0.8304962632133934, ""num_layers"": 3, ""weight_decay"": 0.004626466797675378}"
bohb,lcbench,168329,9,52,3,9.0,-15.373369216918945,24.627887725830078,3682.0483145713806,-30.157365798950195,"{""OpenML_task_id"": ""168329"", ""batch_size"": 86, ""learning_rate"": 0.018393894718892186, ""max_dropout"": 0.8398580622805109, ""max_units"": 80, ""momentum"": 0.8304962632133934, ""num_layers"": 3, ""weight_decay"": 0.004626466797675378}"
bohb,lcbench,168329,9,52,4,27.0,-20.58294105529785,62.009456634521484,3744.057771205902,-30.157365798950195,"{""OpenML_task_id"": ""168329"", ""batch_size"": 86, ""learning_rate"": 0.018393894718892186, ""max_dropout"": 0.8398580622805109, ""max_units"": 80, ""momentum"": 0.8304962632133934, ""num_layers"": 3, ""weight_decay"": 0.004626466797675378}"
bohb,lcbench,168329,9,52,5,52.0,-22.906957626342773,122.50438690185547,3866.5621581077576,-30.157365798950195,"{""OpenML_task_id"": ""168329"", ""batch_size"": 86, ""learning_rate"": 0.018393894718892186, ""max_dropout"": 0.8398580622805109, ""max_units"": 80, ""momentum"": 0.8304962632133934, ""num_layers"": 3, ""weight_decay"": 0.004626466797675378}"
bohb,lcbench,168329,9,53,1,1.0,0.3239285945892334,11.935415267944336,3878.497573375702,-30.157365798950195,"{""OpenML_task_id"": ""168329"", ""batch_size"": 19, ""learning_rate"": 0.06310389492656517, ""max_dropout"": 0.2441020543001412, ""max_units"": 734, ""momentum"": 0.8978047492319956, ""num_layers"": 5, ""weight_decay"": 0.008459079493493758}"
bohb,lcbench,168329,9,54,1,1.0,0.32122039794921875,5.707710266113281,3884.205283641815,-30.157365798950195,"{""OpenML_task_id"": ""168329"", ""batch_size"": 195, ""learning_rate"": 0.011197394646384874, ""max_dropout"": 0.0483906621045983, ""max_units"": 407, ""momentum"": 0.22146798557298764, ""num_layers"": 5, ""weight_decay"": 0.04010762687408652}"
bohb,lcbench,168329,9,55,1,1.0,0.5436261296272278,3.9646220207214355,3888.1699056625366,-30.157365798950195,"{""OpenML_task_id"": ""168329"", ""batch_size"": 146, ""learning_rate"": 0.0004714932538064057, ""max_dropout"": 0.4236036779547844, ""max_units"": 77, ""momentum"": 0.8353904849448113, ""num_layers"": 5, ""weight_decay"": 0.05669015468305717}"
bohb,lcbench,168329,9,56,1,1.0,0.07056576013565063,7.224894046783447,3895.39479970932,-30.157365798950195,"{""OpenML_task_id"": ""168329"", ""batch_size"": 29, ""learning_rate"": 0.02732589720397646, ""max_dropout"": 0.15922431837937523, ""max_units"": 636, ""momentum"": 0.9504500324925936, ""num_layers"": 2, ""weight_decay"": 0.026229369383238395}"
bohb,lcbench,168329,9,57,1,1.0,0.10422623157501221,8.595658302307129,3903.990458011627,-30.157365798950195,"{""OpenML_task_id"": ""168329"", ""batch_size"": 18, ""learning_rate"": 0.00012715216774939327, ""max_dropout"": 0.7672152123817412, ""max_units"": 154, ""momentum"": 0.5507238916173774, ""num_layers"": 4, ""weight_decay"": 0.01833377954659895}"
bohb,lcbench,168329,9,58,1,1.0,0.058064281940460205,9.882755279541016,3913.873213291168,-30.157365798950195,"{""OpenML_task_id"": ""168329"", ""batch_size"": 40, ""learning_rate"": 0.0011617126486449171, ""max_dropout"": 0.992516760780521, ""max_units"": 619, ""momentum"": 0.8518319564366044, ""num_layers"": 3, ""weight_decay"": 0.036885693748423896}"
bohb,lcbench,168329,9,58,2,3.0,-4.115750789642334,25.288864135742188,3939.1620774269104,-30.157365798950195,"{""OpenML_task_id"": ""168329"", ""batch_size"": 40, ""learning_rate"": 0.0011617126486449171, ""max_dropout"": 0.992516760780521, ""max_units"": 619, ""momentum"": 0.8518319564366044, ""num_layers"": 3, ""weight_decay"": 0.036885693748423896}"
bohb,lcbench,168329,9,59,1,1.0,-0.10144448280334473,4.719030380249023,3943.8811078071594,-30.157365798950195,"{""OpenML_task_id"": ""168329"", ""batch_size"": 33, ""learning_rate"": 0.0012361669527701914, ""max_dropout"": 0.8095319531155835, ""max_units"": 84, ""momentum"": 0.23950311016551531, ""num_layers"": 2, ""weight_decay"": 0.06764054949279921}"
bohb,lcbench,168329,9,59,2,3.0,-2.7340714931488037,14.71041202545166,3958.591519832611,-30.157365798950195,"{""OpenML_task_id"": ""168329"", ""batch_size"": 33, ""learning_rate"": 0.0012361669527701914, ""max_dropout"": 0.8095319531155835, ""max_units"": 84, ""momentum"": 0.23950311016551531, ""num_layers"": 2, ""weight_decay"": 0.06764054949279921}"
bohb,lcbench,168329,9,60,1,1.0,0.0024213194847106934,4.878000259399414,3963.4695200920105,-30.157365798950195,"{""OpenML_task_id"": ""168329"", ""batch_size"": 105, ""learning_rate"": 0.0040444874921600265, ""max_dropout"": 0.45615100863959035, ""max_units"": 88, ""momentum"": 0.363388642083011, ""num_layers"": 2, ""weight_decay"": 0.06272529011885022}"
bohb,lcbench,168329,9,60,2,3.0,-3.1618218421936035,13.59483528137207,3977.0643553733826,-30.157365798950195,"{""OpenML_task_id"": ""168329"", ""batch_size"": 105, ""learning_rate"": 0.0040444874921600265, ""max_dropout"": 0.45615100863959035, ""max_units"": 88, ""momentum"": 0.363388642083011, ""num_layers"": 2, ""weight_decay"": 0.06272529011885022}"
bohb,lcbench,168329,9,61,1,1.0,0.17423129081726074,5.954531669616699,3983.0188870429993,-30.157365798950195,"{""OpenML_task_id"": ""168329"", ""batch_size"": 40, ""learning_rate"": 0.009030960045883597, ""max_dropout"": 0.7474428787581731, ""max_units"": 619, ""momentum"": 0.7784118679126941, ""num_layers"": 4, ""weight_decay"": 0.07211874071055756}"
bohb,lcbench,168329,9,62,1,1.0,-0.1917111873626709,12.89620590209961,3995.915092945099,-30.157365798950195,"{""OpenML_task_id"": ""168329"", ""batch_size"": 18, ""learning_rate"": 0.00042432430469186913, ""max_dropout"": 0.2665005914722158, ""max_units"": 526, ""momentum"": 0.4312907326525399, ""num_layers"": 2, ""weight_decay"": 0.018566250820289006}"
bohb,lcbench,168329,9,62,2,3.0,-8.164521217346191,30.516735076904297,4026.431828022003,-30.157365798950195,"{""OpenML_task_id"": ""168329"", ""batch_size"": 18, ""learning_rate"": 0.00042432430469186913, ""max_dropout"": 0.2665005914722158, ""max_units"": 526, ""momentum"": 0.4312907326525399, ""num_layers"": 2, ""weight_decay"": 0.018566250820289006}"
bohb,lcbench,168329,9,62,3,9.0,-15.240406036376953,71.97992706298828,4098.4117550849915,-30.157365798950195,"{""OpenML_task_id"": ""168329"", ""batch_size"": 18, ""learning_rate"": 0.00042432430469186913, ""max_dropout"": 0.2665005914722158, ""max_units"": 526, ""momentum"": 0.4312907326525399, ""num_layers"": 2, ""weight_decay"": 0.018566250820289006}"
bohb,lcbench,168329,9,62,4,27.0,-19.473329544067383,165.9309844970703,4264.342739582062,-30.157365798950195,"{""OpenML_task_id"": ""168329"", ""batch_size"": 18, ""learning_rate"": 0.00042432430469186913, ""max_dropout"": 0.2665005914722158, ""max_units"": 526, ""momentum"": 0.4312907326525399, ""num_layers"": 2, ""weight_decay"": 0.018566250820289006}"
bohb,lcbench,168329,9,63,1,1.0,0.08287161588668823,3.936732530593872,4268.279472112656,-30.157365798950195,"{""OpenML_task_id"": ""168329"", ""batch_size"": 166, ""learning_rate"": 0.030018889688915716, ""max_dropout"": 0.5673784614873445, ""max_units"": 205, ""momentum"": 0.5890232686221678, ""num_layers"": 3, ""weight_decay"": 0.03633990748275179}"
bohb,lcbench,168329,9,64,1,1.0,-0.035900115966796875,9.351461410522461,4277.630933523178,-30.157365798950195,"{""OpenML_task_id"": ""168329"", ""batch_size"": 18, ""learning_rate"": 0.006750412124249308, ""max_dropout"": 0.2693466623792922, ""max_units"": 526, ""momentum"": 0.1606556476446307, ""num_layers"": 2, ""weight_decay"": 0.031487039272539284}"
bohb,lcbench,168329,9,64,2,3.0,-15.75155258178711,20.7568359375,4298.387769460678,-30.157365798950195,"{""OpenML_task_id"": ""168329"", ""batch_size"": 18, ""learning_rate"": 0.006750412124249308, ""max_dropout"": 0.2693466623792922, ""max_units"": 526, ""momentum"": 0.1606556476446307, ""num_layers"": 2, ""weight_decay"": 0.031487039272539284}"
bohb,lcbench,168329,9,64,3,9.0,-14.050747871398926,53.737457275390625,4352.125226736069,-30.157365798950195,"{""OpenML_task_id"": ""168329"", ""batch_size"": 18, ""learning_rate"": 0.006750412124249308, ""max_dropout"": 0.2693466623792922, ""max_units"": 526, ""momentum"": 0.1606556476446307, ""num_layers"": 2, ""weight_decay"": 0.031487039272539284}"
bohb,lcbench,168329,9,65,1,1.0,-0.19620203971862793,12.127852439880371,4364.253079175949,-30.157365798950195,"{""OpenML_task_id"": ""168329"", ""batch_size"": 18, ""learning_rate"": 0.0004478978943262571, ""max_dropout"": 0.27110173423381734, ""max_units"": 526, ""momentum"": 0.2094694486441202, ""num_layers"": 2, ""weight_decay"": 0.02005070244352457}"
bohb,lcbench,168329,9,65,2,3.0,-6.415174961090088,31.027111053466797,4395.280190229416,-30.157365798950195,"{""OpenML_task_id"": ""168329"", ""batch_size"": 18, ""learning_rate"": 0.0004478978943262571, ""max_dropout"": 0.27110173423381734, ""max_units"": 526, ""momentum"": 0.2094694486441202, ""num_layers"": 2, ""weight_decay"": 0.02005070244352457}"
bohb,lcbench,168329,9,66,1,1.0,-0.016350388526916504,11.597953796386719,4406.878144025803,-30.157365798950195,"{""OpenML_task_id"": ""168329"", ""batch_size"": 24, ""learning_rate"": 0.04272457373395681, ""max_dropout"": 0.3724514494897624, ""max_units"": 662, ""momentum"": 0.5529765828313014, ""num_layers"": 2, ""weight_decay"": 0.0013361918247315127}"
bohb,lcbench,168329,9,66,2,3.0,-27.715612411499023,25.069934844970703,4431.948078870773,-30.157365798950195,"{""OpenML_task_id"": ""168329"", ""batch_size"": 24, ""learning_rate"": 0.04272457373395681, ""max_dropout"": 0.3724514494897624, ""max_units"": 662, ""momentum"": 0.5529765828313014, ""num_layers"": 2, ""weight_decay"": 0.0013361918247315127}"
bohb,lcbench,168329,9,66,3,9.0,-28.676856994628906,62.76944351196289,4494.717522382736,-30.157365798950195,"{""OpenML_task_id"": ""168329"", ""batch_size"": 24, ""learning_rate"": 0.04272457373395681, ""max_dropout"": 0.3724514494897624, ""max_units"": 662, ""momentum"": 0.5529765828313014, ""num_layers"": 2, ""weight_decay"": 0.0013361918247315127}"
bohb,lcbench,168329,9,66,4,27.0,-29.585689544677734,150.5764617919922,4645.293984174728,-30.157365798950195,"{""OpenML_task_id"": ""168329"", ""batch_size"": 24, ""learning_rate"": 0.04272457373395681, ""max_dropout"": 0.3724514494897624, ""max_units"": 662, ""momentum"": 0.5529765828313014, ""num_layers"": 2, ""weight_decay"": 0.0013361918247315127}"
bohb,lcbench,168329,9,66,5,52.0,-30.50660514831543,264.90771484375,4910.201699018478,-30.50660514831543,"{""OpenML_task_id"": ""168329"", ""batch_size"": 24, ""learning_rate"": 0.04272457373395681, ""max_dropout"": 0.3724514494897624, ""max_units"": 662, ""momentum"": 0.5529765828313014, ""num_layers"": 2, ""weight_decay"": 0.0013361918247315127}"
bohb,lcbench,168329,9,67,1,1.0,-0.012123584747314453,11.118255615234375,4921.319954633713,-30.50660514831543,"{""OpenML_task_id"": ""168329"", ""batch_size"": 24, ""learning_rate"": 0.047313895617211776, ""max_dropout"": 0.1679667295398704, ""max_units"": 662, ""momentum"": 0.5449852046011151, ""num_layers"": 2, ""weight_decay"": 0.001779365049500656}"
bohb,lcbench,168329,9,67,2,3.0,-28.02303123474121,25.17730712890625,4946.497261762619,-30.50660514831543,"{""OpenML_task_id"": ""168329"", ""batch_size"": 24, ""learning_rate"": 0.047313895617211776, ""max_dropout"": 0.1679667295398704, ""max_units"": 662, ""momentum"": 0.5449852046011151, ""num_layers"": 2, ""weight_decay"": 0.001779365049500656}"
bohb,lcbench,168329,9,67,3,9.0,-28.832073211669922,64.44002532958984,5010.937287092209,-30.50660514831543,"{""OpenML_task_id"": ""168329"", ""batch_size"": 24, ""learning_rate"": 0.047313895617211776, ""max_dropout"": 0.1679667295398704, ""max_units"": 662, ""momentum"": 0.5449852046011151, ""num_layers"": 2, ""weight_decay"": 0.001779365049500656}"
bohb,lcbench,168329,9,67,4,27.0,-29.651214599609375,155.6439666748047,5166.581253767014,-30.50660514831543,"{""OpenML_task_id"": ""168329"", ""batch_size"": 24, ""learning_rate"": 0.047313895617211776, ""max_dropout"": 0.1679667295398704, ""max_units"": 662, ""momentum"": 0.5449852046011151, ""num_layers"": 2, ""weight_decay"": 0.001779365049500656}"
bohb,lcbench,168329,9,67,5,52.0,-30.841899871826172,270.9318542480469,5437.51310801506,-30.841899871826172,"{""OpenML_task_id"": ""168329"", ""batch_size"": 24, ""learning_rate"": 0.047313895617211776, ""max_dropout"": 0.1679667295398704, ""max_units"": 662, ""momentum"": 0.5449852046011151, ""num_layers"": 2, ""weight_decay"": 0.001779365049500656}"
bohb,lcbench,168329,9,68,1,1.0,0.05943948030471802,8.107593536376953,5445.620701551437,-30.841899871826172,"{""OpenML_task_id"": ""168329"", ""batch_size"": 24, ""learning_rate"": 0.08654186699366724, ""max_dropout"": 0.13915759015402018, ""max_units"": 662, ""momentum"": 0.3587299013776063, ""num_layers"": 2, ""weight_decay"": 0.007233455981019695}"
bohb,lcbench,168329,9,69,1,1.0,0.353458046913147,3.0052261352539062,5448.625927686691,-30.841899871826172,"{""OpenML_task_id"": ""168329"", ""batch_size"": 150, ""learning_rate"": 0.0016310151285081204, ""max_dropout"": 0.925392693947772, ""max_units"": 92, ""momentum"": 0.7943746735984819, ""num_layers"": 4, ""weight_decay"": 0.0995927540166755}"
bohb,lcbench,168329,9,70,1,1.0,0.08704984188079834,7.464743137359619,5456.090670824051,-30.841899871826172,"{""OpenML_task_id"": ""168329"", ""batch_size"": 24, ""learning_rate"": 0.039630749826889196, ""max_dropout"": 0.024662970652698124, ""max_units"": 662, ""momentum"": 0.4087260127558562, ""num_layers"": 2, ""weight_decay"": 0.030538096609621902}"
bohb,lcbench,168329,9,71,1,1.0,0.06385481357574463,6.045172214508057,5462.135843038559,-30.841899871826172,"{""OpenML_task_id"": ""168329"", ""batch_size"": 24, ""learning_rate"": 0.03617080673559875, ""max_dropout"": 0.5812662109007513, ""max_units"": 662, ""momentum"": 0.6932223243436761, ""num_layers"": 2, ""weight_decay"": 0.035427184018614985}"
bohb,lcbench,168329,9,72,1,1.0,0.031714677810668945,11.624448776245117,5473.760291814804,-30.841899871826172,"{""OpenML_task_id"": ""168329"", ""batch_size"": 24, ""learning_rate"": 0.06802241193797526, ""max_dropout"": 0.6206149295641343, ""max_units"": 662, ""momentum"": 0.5092160284631229, ""num_layers"": 2, ""weight_decay"": 0.0006612153514569006}"
bohb,lcbench,168329,9,72,2,3.0,-26.904895782470703,24.597209930419922,5498.357501745224,-30.841899871826172,"{""OpenML_task_id"": ""168329"", ""batch_size"": 24, ""learning_rate"": 0.06802241193797526, ""max_dropout"": 0.6206149295641343, ""max_units"": 662, ""momentum"": 0.5092160284631229, ""num_layers"": 2, ""weight_decay"": 0.0006612153514569006}"
bohb,lcbench,168329,9,72,3,9.0,-27.79283332824707,63.445762634277344,5561.803264379501,-30.841899871826172,"{""OpenML_task_id"": ""168329"", ""batch_size"": 24, ""learning_rate"": 0.06802241193797526, ""max_dropout"": 0.6206149295641343, ""max_units"": 662, ""momentum"": 0.5092160284631229, ""num_layers"": 2, ""weight_decay"": 0.0006612153514569006}"
bohb,lcbench,168329,9,72,4,27.0,-28.11717987060547,155.64537048339844,5717.4486348629,-30.841899871826172,"{""OpenML_task_id"": ""168329"", ""batch_size"": 24, ""learning_rate"": 0.06802241193797526, ""max_dropout"": 0.6206149295641343, ""max_units"": 662, ""momentum"": 0.5092160284631229, ""num_layers"": 2, ""weight_decay"": 0.0006612153514569006}"
bohb,lcbench,168329,9,72,5,52.0,-28.675329208374023,278.6042175292969,5996.052852392197,-30.841899871826172,"{""OpenML_task_id"": ""168329"", ""batch_size"": 24, ""learning_rate"": 0.06802241193797526, ""max_dropout"": 0.6206149295641343, ""max_units"": 662, ""momentum"": 0.5092160284631229, ""num_layers"": 2, ""weight_decay"": 0.0006612153514569006}"
bohb,lcbench,168329,9,73,1,1.0,-0.054099321365356445,5.2837910652160645,6001.336643457413,-30.841899871826172,"{""OpenML_task_id"": ""168329"", ""batch_size"": 490, ""learning_rate"": 0.0003045167055123484, ""max_dropout"": 0.47463939310439196, ""max_units"": 420, ""momentum"": 0.5700118829948647, ""num_layers"": 2, ""weight_decay"": 0.08034217533373507}"
bohb,lcbench,168329,9,73,2,3.0,-0.2325596809387207,21.261634826660156,6022.598278284073,-30.841899871826172,"{""OpenML_task_id"": ""168329"", ""batch_size"": 490, ""learning_rate"": 0.0003045167055123484, ""max_dropout"": 0.47463939310439196, ""max_units"": 420, ""momentum"": 0.5700118829948647, ""num_layers"": 2, ""weight_decay"": 0.08034217533373507}"
bohb,lcbench,168329,9,74,1,1.0,0.28379297256469727,10.575806617736816,6033.17408490181,-30.841899871826172,"{""OpenML_task_id"": ""168329"", ""batch_size"": 44, ""learning_rate"": 0.000195605419667824, ""max_dropout"": 0.6986633336678975, ""max_units"": 400, ""momentum"": 0.5836219858350287, ""num_layers"": 5, ""weight_decay"": 0.013731658794248484}"
bohb,lcbench,168329,9,75,1,1.0,0.01307070255279541,7.975119113922119,6041.149204015732,-30.841899871826172,"{""OpenML_task_id"": ""168329"", ""batch_size"": 18, ""learning_rate"": 0.06527537927551967, ""max_dropout"": 0.7926317395890858, ""max_units"": 526, ""momentum"": 0.23222721072239624, ""num_layers"": 2, ""weight_decay"": 0.0027414977177407495}"
bohb,lcbench,168329,9,75,2,3.0,-24.886442184448242,17.739200592041016,6058.888404607773,-30.841899871826172,"{""OpenML_task_id"": ""168329"", ""batch_size"": 18, ""learning_rate"": 0.06527537927551967, ""max_dropout"": 0.7926317395890858, ""max_units"": 526, ""momentum"": 0.23222721072239624, ""num_layers"": 2, ""weight_decay"": 0.0027414977177407495}"
bohb,lcbench,168329,9,75,3,9.0,-24.9981689453125,44.715232849121094,6103.603637456894,-30.841899871826172,"{""OpenML_task_id"": ""168329"", ""batch_size"": 18, ""learning_rate"": 0.06527537927551967, ""max_dropout"": 0.7926317395890858, ""max_units"": 526, ""momentum"": 0.23222721072239624, ""num_layers"": 2, ""weight_decay"": 0.0027414977177407495}"
bohb,lcbench,168329,9,75,4,27.0,-25.804771423339844,110.13961791992188,6213.743255376816,-30.841899871826172,"{""OpenML_task_id"": ""168329"", ""batch_size"": 18, ""learning_rate"": 0.06527537927551967, ""max_dropout"": 0.7926317395890858, ""max_units"": 526, ""momentum"": 0.23222721072239624, ""num_layers"": 2, ""weight_decay"": 0.0027414977177407495}"
bohb,lcbench,168329,9,75,5,52.0,-26.00320816040039,203.21075439453125,6416.954009771347,-30.841899871826172,"{""OpenML_task_id"": ""168329"", ""batch_size"": 18, ""learning_rate"": 0.06527537927551967, ""max_dropout"": 0.7926317395890858, ""max_units"": 526, ""momentum"": 0.23222721072239624, ""num_layers"": 2, ""weight_decay"": 0.0027414977177407495}"
bohb,lcbench,168329,9,76,1,1.0,0.05961531400680542,5.926641941070557,6422.880651712418,-30.841899871826172,"{""OpenML_task_id"": ""168329"", ""batch_size"": 24, ""learning_rate"": 0.05045490210891777, ""max_dropout"": 0.9725382885836513, ""max_units"": 662, ""momentum"": 0.13890966538995306, ""num_layers"": 2, ""weight_decay"": 0.015384210601591715}"
bohb,lcbench,168329,9,77,1,1.0,-0.1127159595489502,3.928365707397461,6426.809017419815,-30.841899871826172,"{""OpenML_task_id"": ""168329"", ""batch_size"": 264, ""learning_rate"": 0.0034336184895233314, ""max_dropout"": 0.8667937729375207, ""max_units"": 95, ""momentum"": 0.41957445973047636, ""num_layers"": 2, ""weight_decay"": 0.03840767431123911}"
bohb,lcbench,168329,9,77,2,3.0,-1.2585391998291016,14.8233642578125,6441.632381677628,-30.841899871826172,"{""OpenML_task_id"": ""168329"", ""batch_size"": 264, ""learning_rate"": 0.0034336184895233314, ""max_dropout"": 0.8667937729375207, ""max_units"": 95, ""momentum"": 0.41957445973047636, ""num_layers"": 2, ""weight_decay"": 0.03840767431123911}"
bohb,lcbench,168329,9,78,1,1.0,0.11570358276367188,4.790148735046387,6446.422530412674,-30.841899871826172,"{""OpenML_task_id"": ""168329"", ""batch_size"": 18, ""learning_rate"": 0.08285115870866953, ""max_dropout"": 0.8242050795022884, ""max_units"": 526, ""momentum"": 0.3983655732148935, ""num_layers"": 2, ""weight_decay"": 0.01990036808728095}"
bohb,lcbench,168329,9,79,1,1.0,0.06837385892868042,7.76594877243042,6454.188479185104,-30.841899871826172,"{""OpenML_task_id"": ""168329"", ""batch_size"": 24, ""learning_rate"": 0.0678424668483004, ""max_dropout"": 0.2116492061627065, ""max_units"": 662, ""momentum"": 0.6868356876306704, ""num_layers"": 2, ""weight_decay"": 0.00858521067769479}"
bohb,lcbench,168329,9,80,1,1.0,0.10268890857696533,6.165096282958984,6460.353575468063,-30.841899871826172,"{""OpenML_task_id"": ""168329"", ""batch_size"": 25, ""learning_rate"": 0.009995132908169323, ""max_dropout"": 0.9943431601453278, ""max_units"": 490, ""momentum"": 0.2780756882222854, ""num_layers"": 4, ""weight_decay"": 0.033273360068698014}"
bohb,lcbench,168329,9,81,1,1.0,0.19956886768341064,2.047224998474121,6462.4008004665375,-30.841899871826172,"{""OpenML_task_id"": ""168329"", ""batch_size"": 51, ""learning_rate"": 0.006893071465809957, ""max_dropout"": 0.7631532241246853, ""max_units"": 75, ""momentum"": 0.69013509903088, ""num_layers"": 5, ""weight_decay"": 0.023185639450520452}"
bohb,lcbench,168329,9,82,1,1.0,-0.0014754533767700195,4.675801753997803,6467.076602220535,-30.841899871826172,"{""OpenML_task_id"": ""168329"", ""batch_size"": 24, ""learning_rate"": 0.07651777816279014, ""max_dropout"": 0.8922131539663409, ""max_units"": 662, ""momentum"": 0.8317891578514358, ""num_layers"": 2, ""weight_decay"": 0.012004567611729716}"
bohb,lcbench,168329,9,82,2,3.0,-14.631447792053223,13.282474517822266,6480.3590767383575,-30.841899871826172,"{""OpenML_task_id"": ""168329"", ""batch_size"": 24, ""learning_rate"": 0.07651777816279014, ""max_dropout"": 0.8922131539663409, ""max_units"": 662, ""momentum"": 0.8317891578514358, ""num_layers"": 2, ""weight_decay"": 0.012004567611729716}"
bohb,lcbench,168329,9,82,3,9.0,-13.84997272491455,35.43642807006836,6515.795504808426,-30.841899871826172,"{""OpenML_task_id"": ""168329"", ""batch_size"": 24, ""learning_rate"": 0.07651777816279014, ""max_dropout"": 0.8922131539663409, ""max_units"": 662, ""momentum"": 0.8317891578514358, ""num_layers"": 2, ""weight_decay"": 0.012004567611729716}"
bohb,lcbench,168329,9,83,1,1.0,0.17140400409698486,13.738466262817383,6529.533971071243,-30.841899871826172,"{""OpenML_task_id"": ""168329"", ""batch_size"": 143, ""learning_rate"": 0.0042694460516635915, ""max_dropout"": 0.2825243507485866, ""max_units"": 564, ""momentum"": 0.41373240772306585, ""num_layers"": 5, ""weight_decay"": 0.0025741134445655413}"
bohb,lcbench,168329,9,84,1,1.0,0.026759862899780273,5.191756248474121,6534.725727319717,-30.841899871826172,"{""OpenML_task_id"": ""168329"", ""batch_size"": 24, ""learning_rate"": 0.06746969857272009, ""max_dropout"": 0.758793481911566, ""max_units"": 662, ""momentum"": 0.9577458409332947, ""num_layers"": 2, ""weight_decay"": 0.00889703416625979}"
bohb,lcbench,168329,9,84,2,3.0,-15.975286483764648,13.850024223327637,6548.575751543045,-30.841899871826172,"{""OpenML_task_id"": ""168329"", ""batch_size"": 24, ""learning_rate"": 0.06746969857272009, ""max_dropout"": 0.758793481911566, ""max_units"": 662, ""momentum"": 0.9577458409332947, ""num_layers"": 2, ""weight_decay"": 0.00889703416625979}"
bohb,lcbench,168329,9,84,3,9.0,-14.713053703308105,38.94630813598633,6587.522059679031,-30.841899871826172,"{""OpenML_task_id"": ""168329"", ""batch_size"": 24, ""learning_rate"": 0.06746969857272009, ""max_dropout"": 0.758793481911566, ""max_units"": 662, ""momentum"": 0.9577458409332947, ""num_layers"": 2, ""weight_decay"": 0.00889703416625979}"
bohb,lcbench,168329,9,85,1,1.0,-0.02652597427368164,11.78620719909668,6599.308266878128,-30.841899871826172,"{""OpenML_task_id"": ""168329"", ""batch_size"": 18, ""learning_rate"": 0.03651093383869291, ""max_dropout"": 0.6681232855613609, ""max_units"": 526, ""momentum"": 0.5363550215703151, ""num_layers"": 2, ""weight_decay"": 0.0008182819701068861}"
bohb,lcbench,168329,9,85,2,3.0,-27.434001922607422,23.39517593383789,6622.703442811966,-30.841899871826172,"{""OpenML_task_id"": ""168329"", ""batch_size"": 18, ""learning_rate"": 0.03651093383869291, ""max_dropout"": 0.6681232855613609, ""max_units"": 526, ""momentum"": 0.5363550215703151, ""num_layers"": 2, ""weight_decay"": 0.0008182819701068861}"
bohb,lcbench,168329,9,85,3,9.0,-28.795053482055664,57.17064666748047,6679.874089479446,-30.841899871826172,"{""OpenML_task_id"": ""168329"", ""batch_size"": 18, ""learning_rate"": 0.03651093383869291, ""max_dropout"": 0.6681232855613609, ""max_units"": 526, ""momentum"": 0.5363550215703151, ""num_layers"": 2, ""weight_decay"": 0.0008182819701068861}"
bohb,lcbench,168329,9,85,4,27.0,-28.67317771911621,139.72470092773438,6819.598790407181,-30.841899871826172,"{""OpenML_task_id"": ""168329"", ""batch_size"": 18, ""learning_rate"": 0.03651093383869291, ""max_dropout"": 0.6681232855613609, ""max_units"": 526, ""momentum"": 0.5363550215703151, ""num_layers"": 2, ""weight_decay"": 0.0008182819701068861}"
bohb,lcbench,168329,9,85,5,52.0,-29.255197525024414,241.73997497558594,7061.338765382767,-30.841899871826172,"{""OpenML_task_id"": ""168329"", ""batch_size"": 18, ""learning_rate"": 0.03651093383869291, ""max_dropout"": 0.6681232855613609, ""max_units"": 526, ""momentum"": 0.5363550215703151, ""num_layers"": 2, ""weight_decay"": 0.0008182819701068861}"
bohb,lcbench,168329,9,86,1,1.0,-0.08637619018554688,3.477951765060425,7064.816717147827,-30.841899871826172,"{""OpenML_task_id"": ""168329"", ""batch_size"": 249, ""learning_rate"": 0.0001391669882176782, ""max_dropout"": 0.7875867094009448, ""max_units"": 143, ""momentum"": 0.5463017632556024, ""num_layers"": 2, ""weight_decay"": 0.07177250397606161}"
bohb,lcbench,168329,9,86,2,3.0,-0.14926648139953613,14.997673034667969,7079.814390182495,-30.841899871826172,"{""OpenML_task_id"": ""168329"", ""batch_size"": 249, ""learning_rate"": 0.0001391669882176782, ""max_dropout"": 0.7875867094009448, ""max_units"": 143, ""momentum"": 0.5463017632556024, ""num_layers"": 2, ""weight_decay"": 0.07177250397606161}"
bohb,lcbench,168329,9,87,1,1.0,0.06108313798904419,5.51666784286499,7085.33105802536,-30.841899871826172,"{""OpenML_task_id"": ""168329"", ""batch_size"": 20, ""learning_rate"": 0.05120986248112367, ""max_dropout"": 0.7249366306766882, ""max_units"": 388, ""momentum"": 0.43703723478700374, ""num_layers"": 2, ""weight_decay"": 0.009061654069314409}"
bohb,lcbench,168329,9,88,1,1.0,0.11881673336029053,6.0395941734313965,7091.3706521987915,-30.841899871826172,"{""OpenML_task_id"": ""168329"", ""batch_size"": 18, ""learning_rate"": 0.07092226668853875, ""max_dropout"": 0.400677492092101, ""max_units"": 526, ""momentum"": 0.10891879087451706, ""num_layers"": 2, ""weight_decay"": 0.022041033760001143}"
bohb,lcbench,168329,9,89,1,1.0,0.011011064052581787,7.344818592071533,7098.715470790863,-30.841899871826172,"{""OpenML_task_id"": ""168329"", ""batch_size"": 18, ""learning_rate"": 0.04646907922289863, ""max_dropout"": 0.7748441959362382, ""max_units"": 526, ""momentum"": 0.44988911865408077, ""num_layers"": 2, ""weight_decay"": 0.004485018077151231}"
bohb,lcbench,168329,9,89,2,3.0,-23.653194427490234,16.917858123779297,7115.633328914642,-30.841899871826172,"{""OpenML_task_id"": ""168329"", ""batch_size"": 18, ""learning_rate"": 0.04646907922289863, ""max_dropout"": 0.7748441959362382, ""max_units"": 526, ""momentum"": 0.44988911865408077, ""num_layers"": 2, ""weight_decay"": 0.004485018077151231}"
bohb,lcbench,168329,9,89,3,9.0,-23.937946319580078,44.075172424316406,7159.708501338959,-30.841899871826172,"{""OpenML_task_id"": ""168329"", ""batch_size"": 18, ""learning_rate"": 0.04646907922289863, ""max_dropout"": 0.7748441959362382, ""max_units"": 526, ""momentum"": 0.44988911865408077, ""num_layers"": 2, ""weight_decay"": 0.004485018077151231}"
bohb,lcbench,168329,9,89,4,27.0,-23.93837547302246,109.18161010742188,7268.890111446381,-30.841899871826172,"{""OpenML_task_id"": ""168329"", ""batch_size"": 18, ""learning_rate"": 0.04646907922289863, ""max_dropout"": 0.7748441959362382, ""max_units"": 526, ""momentum"": 0.44988911865408077, ""num_layers"": 2, ""weight_decay"": 0.004485018077151231}"
bohb,lcbench,168329,9,90,1,1.0,0.08422106504440308,5.741177558898926,7274.6312890052795,-30.841899871826172,"{""OpenML_task_id"": ""168329"", ""batch_size"": 326, ""learning_rate"": 0.01530589584773844, ""max_dropout"": 0.1080259223556892, ""max_units"": 111, ""momentum"": 0.20788074166391057, ""num_layers"": 3, ""weight_decay"": 0.03283443344432214}"
bohb,lcbench,168329,9,91,1,1.0,0.03643476963043213,6.61829948425293,7281.2495884895325,-30.841899871826172,"{""OpenML_task_id"": ""168329"", ""batch_size"": 29, ""learning_rate"": 0.0015347596902206082, ""max_dropout"": 0.9233523441969613, ""max_units"": 388, ""momentum"": 0.9708814490431634, ""num_layers"": 1, ""weight_decay"": 0.07624327188874333}"
bohb,lcbench,168329,9,92,1,1.0,0.046208202838897705,7.651602268218994,7288.9011907577515,-30.841899871826172,"{""OpenML_task_id"": ""168329"", ""batch_size"": 499, ""learning_rate"": 0.001353582699902934, ""max_dropout"": 0.2889605273049386, ""max_units"": 303, ""momentum"": 0.47332138309317195, ""num_layers"": 2, ""weight_decay"": 0.017787107492376032}"
bohb,lcbench,168329,9,93,1,1.0,0.07114708423614502,5.526429176330566,7294.427619934082,-30.841899871826172,"{""OpenML_task_id"": ""168329"", ""batch_size"": 18, ""learning_rate"": 0.037970170783762636, ""max_dropout"": 0.782189617078969, ""max_units"": 526, ""momentum"": 0.44554804955006877, ""num_layers"": 2, ""weight_decay"": 0.028887061425954562}"
bohb,lcbench,168329,9,94,1,1.0,0.03686654567718506,7.664152145385742,7302.091772079468,-30.841899871826172,"{""OpenML_task_id"": ""168329"", ""batch_size"": 18, ""learning_rate"": 0.053767258097896294, ""max_dropout"": 0.6044109133443325, ""max_units"": 526, ""momentum"": 0.5384044444790591, ""num_layers"": 2, ""weight_decay"": 0.003812764009113325}"
bohb,lcbench,168329,9,95,1,1.0,-0.06899511814117432,9.503458976745605,7311.595231056213,-30.841899871826172,"{""OpenML_task_id"": ""168329"", ""batch_size"": 18, ""learning_rate"": 0.011951083551315453, ""max_dropout"": 0.012665438531665185, ""max_units"": 526, ""momentum"": 0.2893864938255676, ""num_layers"": 2, ""weight_decay"": 0.012827391276793734}"
bohb,lcbench,168329,9,95,2,3.0,-23.369972229003906,21.80408477783203,7333.399315834045,-30.841899871826172,"{""OpenML_task_id"": ""168329"", ""batch_size"": 18, ""learning_rate"": 0.011951083551315453, ""max_dropout"": 0.012665438531665185, ""max_units"": 526, ""momentum"": 0.2893864938255676, ""num_layers"": 2, ""weight_decay"": 0.012827391276793734}"
bohb,lcbench,168329,9,95,3,9.0,-24.136606216430664,58.74360656738281,7392.142922401428,-30.841899871826172,"{""OpenML_task_id"": ""168329"", ""batch_size"": 18, ""learning_rate"": 0.011951083551315453, ""max_dropout"": 0.012665438531665185, ""max_units"": 526, ""momentum"": 0.2893864938255676, ""num_layers"": 2, ""weight_decay"": 0.012827391276793734}"
bohb,lcbench,168329,9,95,4,27.0,-24.287796020507812,136.95945739746094,7529.102379798889,-30.841899871826172,"{""OpenML_task_id"": ""168329"", ""batch_size"": 18, ""learning_rate"": 0.011951083551315453, ""max_dropout"": 0.012665438531665185, ""max_units"": 526, ""momentum"": 0.2893864938255676, ""num_layers"": 2, ""weight_decay"": 0.012827391276793734}"
bohb,lcbench,168329,9,96,1,1.0,0.5402747690677643,10.090531349182129,7539.192911148071,-30.841899871826172,"{""OpenML_task_id"": ""168329"", ""batch_size"": 62, ""learning_rate"": 0.07851266006167305, ""max_dropout"": 0.07733833582531446, ""max_units"": 596, ""momentum"": 0.9277494960827032, ""num_layers"": 5, ""weight_decay"": 0.031649052318413994}"
bohb,lcbench,168329,9,97,1,1.0,0.09418386220932007,2.181094169616699,7541.374005317688,-30.841899871826172,"{""OpenML_task_id"": ""168329"", ""batch_size"": 86, ""learning_rate"": 0.04486731802588717, ""max_dropout"": 0.8178487285341127, ""max_units"": 80, ""momentum"": 0.7706931830738037, ""num_layers"": 4, ""weight_decay"": 0.01621422408524754}"
bohb,lcbench,168329,9,98,1,1.0,0.29725974798202515,5.467861175537109,7546.841866493225,-30.841899871826172,"{""OpenML_task_id"": ""168329"", ""batch_size"": 23, ""learning_rate"": 0.00039280444393577797, ""max_dropout"": 0.45533189991578893, ""max_units"": 160, ""momentum"": 0.3427510163807078, ""num_layers"": 5, ""weight_decay"": 0.0386628857668793}"
bohb,lcbench,168329,9,99,1,1.0,0.2005239725112915,8.669565200805664,7555.511431694031,-30.841899871826172,"{""OpenML_task_id"": ""168329"", ""batch_size"": 307, ""learning_rate"": 0.0005139824946428904, ""max_dropout"": 0.8922803915277612, ""max_units"": 287, ""momentum"": 0.4042484848457164, ""num_layers"": 4, ""weight_decay"": 0.017388531443767723}"
bohb,lcbench,168329,9,100,1,1.0,0.11678910255432129,4.880789279937744,7560.3922209739685,-30.841899871826172,"{""OpenML_task_id"": ""168329"", ""batch_size"": 268, ""learning_rate"": 0.07160523615787452, ""max_dropout"": 0.1838874889764398, ""max_units"": 713, ""momentum"": 0.9061946233968968, ""num_layers"": 3, ""weight_decay"": 0.04250618839478337}"
bohb,lcbench,168329,9,101,1,1.0,-0.0009407997131347656,8.410194396972656,7568.802415370941,-30.841899871826172,"{""OpenML_task_id"": ""168329"", ""batch_size"": 18, ""learning_rate"": 0.020964872090077954, ""max_dropout"": 0.13094016528779379, ""max_units"": 526, ""momentum"": 0.4779665721725943, ""num_layers"": 2, ""weight_decay"": 0.013886583659244955}"
bohb,lcbench,168329,9,101,2,3.0,-21.767189025878906,19.875530242919922,7588.677945613861,-30.841899871826172,"{""OpenML_task_id"": ""168329"", ""batch_size"": 18, ""learning_rate"": 0.020964872090077954, ""max_dropout"": 0.13094016528779379, ""max_units"": 526, ""momentum"": 0.4779665721725943, ""num_layers"": 2, ""weight_decay"": 0.013886583659244955}"
bohb,lcbench,168329,9,101,3,9.0,-22.03301239013672,52.794795989990234,7641.472741603851,-30.841899871826172,"{""OpenML_task_id"": ""168329"", ""batch_size"": 18, ""learning_rate"": 0.020964872090077954, ""max_dropout"": 0.13094016528779379, ""max_units"": 526, ""momentum"": 0.4779665721725943, ""num_layers"": 2, ""weight_decay"": 0.013886583659244955}"
bohb,lcbench,168329,9,101,4,27.0,-22.681943893432617,122.60897064208984,7764.081712245941,-30.841899871826172,"{""OpenML_task_id"": ""168329"", ""batch_size"": 18, ""learning_rate"": 0.020964872090077954, ""max_dropout"": 0.13094016528779379, ""max_units"": 526, ""momentum"": 0.4779665721725943, ""num_layers"": 2, ""weight_decay"": 0.013886583659244955}"
bohb,lcbench,168329,9,102,1,1.0,-0.03608381748199463,9.912038803100586,7773.993751049042,-30.841899871826172,"{""OpenML_task_id"": ""168329"", ""batch_size"": 18, ""learning_rate"": 0.028891281269163894, ""max_dropout"": 0.14814072354111957, ""max_units"": 526, ""momentum"": 0.3772696180543388, ""num_layers"": 2, ""weight_decay"": 0.004390075859771022}"
bohb,lcbench,168329,9,102,2,3.0,-27.772464752197266,22.31446075439453,7796.308211803436,-30.841899871826172,"{""OpenML_task_id"": ""168329"", ""batch_size"": 18, ""learning_rate"": 0.028891281269163894, ""max_dropout"": 0.14814072354111957, ""max_units"": 526, ""momentum"": 0.3772696180543388, ""num_layers"": 2, ""weight_decay"": 0.004390075859771022}"
bohb,lcbench,168329,9,102,3,9.0,-28.366825103759766,57.12602233886719,7853.4342341423035,-30.841899871826172,"{""OpenML_task_id"": ""168329"", ""batch_size"": 18, ""learning_rate"": 0.028891281269163894, ""max_dropout"": 0.14814072354111957, ""max_units"": 526, ""momentum"": 0.3772696180543388, ""num_layers"": 2, ""weight_decay"": 0.004390075859771022}"
bohb,lcbench,168329,9,102,4,27.0,-28.795337677001953,131.8640594482422,7985.298293590546,-30.841899871826172,"{""OpenML_task_id"": ""168329"", ""batch_size"": 18, ""learning_rate"": 0.028891281269163894, ""max_dropout"": 0.14814072354111957, ""max_units"": 526, ""momentum"": 0.3772696180543388, ""num_layers"": 2, ""weight_decay"": 0.004390075859771022}"
bohb,lcbench,168329,9,102,5,52.0,-29.94805335998535,222.3847198486328,8207.683013439178,-30.841899871826172,"{""OpenML_task_id"": ""168329"", ""batch_size"": 18, ""learning_rate"": 0.028891281269163894, ""max_dropout"": 0.14814072354111957, ""max_units"": 526, ""momentum"": 0.3772696180543388, ""num_layers"": 2, ""weight_decay"": 0.004390075859771022}"
bohb,lcbench,168329,9,103,1,1.0,0.12196242809295654,4.440136432647705,8212.123149871826,-30.841899871826172,"{""OpenML_task_id"": ""168329"", ""batch_size"": 53, ""learning_rate"": 0.000788063253672994, ""max_dropout"": 0.7695699538445452, ""max_units"": 73, ""momentum"": 0.41747254309600434, ""num_layers"": 4, ""weight_decay"": 0.034530360559153934}"
bohb,lcbench,168329,9,104,1,1.0,0.038635849952697754,6.259920597076416,8218.383070468903,-30.841899871826172,"{""OpenML_task_id"": ""168329"", ""batch_size"": 18, ""learning_rate"": 0.05377930878010475, ""max_dropout"": 0.9222555949232646, ""max_units"": 526, ""momentum"": 0.5323756821383815, ""num_layers"": 2, ""weight_decay"": 0.004924588319314415}"
bohb,lcbench,168329,9,105,1,1.0,-0.010416507720947266,8.396249771118164,8226.77932024002,-30.841899871826172,"{""OpenML_task_id"": ""168329"", ""batch_size"": 18, ""learning_rate"": 0.011829088676419103, ""max_dropout"": 0.085572163043308, ""max_units"": 526, ""momentum"": 0.578124222861549, ""num_layers"": 2, ""weight_decay"": 0.025101351366155034}"
bohb,lcbench,168329,9,105,2,3.0,-17.08757972717285,19.493446350097656,8246.272766590118,-30.841899871826172,"{""OpenML_task_id"": ""168329"", ""batch_size"": 18, ""learning_rate"": 0.011829088676419103, ""max_dropout"": 0.085572163043308, ""max_units"": 526, ""momentum"": 0.578124222861549, ""num_layers"": 2, ""weight_decay"": 0.025101351366155034}"
bohb,lcbench,168329,9,105,3,9.0,-16.501115798950195,52.485225677490234,8298.757992267609,-30.841899871826172,"{""OpenML_task_id"": ""168329"", ""batch_size"": 18, ""learning_rate"": 0.011829088676419103, ""max_dropout"": 0.085572163043308, ""max_units"": 526, ""momentum"": 0.578124222861549, ""num_layers"": 2, ""weight_decay"": 0.025101351366155034}"
bohb,lcbench,168329,9,106,1,1.0,0.04382205009460449,8.3251314163208,8307.08312368393,-30.841899871826172,"{""OpenML_task_id"": ""168329"", ""batch_size"": 18, ""learning_rate"": 0.03958771963947691, ""max_dropout"": 0.17855287840622291, ""max_units"": 526, ""momentum"": 0.4319734721059969, ""num_layers"": 2, ""weight_decay"": 0.010021047870561777}"
bohb,lcbench,168329,9,107,1,1.0,-0.024057984352111816,8.517568588256836,8315.600692272186,-30.841899871826172,"{""OpenML_task_id"": ""168329"", ""batch_size"": 18, ""learning_rate"": 0.01155743997536944, ""max_dropout"": 0.09338547069598702, ""max_units"": 526, ""momentum"": 0.5527272764911495, ""num_layers"": 2, ""weight_decay"": 0.02201655716089153}"
bohb,lcbench,168329,9,107,2,3.0,-18.465972900390625,19.69564437866211,8335.296336650848,-30.841899871826172,"{""OpenML_task_id"": ""168329"", ""batch_size"": 18, ""learning_rate"": 0.01155743997536944, ""max_dropout"": 0.09338547069598702, ""max_units"": 526, ""momentum"": 0.5527272764911495, ""num_layers"": 2, ""weight_decay"": 0.02201655716089153}"
bohb,lcbench,168329,9,107,3,9.0,-18.063888549804688,53.408363342285156,8388.704699993134,-30.841899871826172,"{""OpenML_task_id"": ""168329"", ""batch_size"": 18, ""learning_rate"": 0.01155743997536944, ""max_dropout"": 0.09338547069598702, ""max_units"": 526, ""momentum"": 0.5527272764911495, ""num_layers"": 2, ""weight_decay"": 0.02201655716089153}"
bohb,lcbench,168329,9,108,1,1.0,0.16711002588272095,2.992676019668579,8391.697376012802,-30.841899871826172,"{""OpenML_task_id"": ""168329"", ""batch_size"": 44, ""learning_rate"": 0.04266993811441979, ""max_dropout"": 0.5640904328522932, ""max_units"": 149, ""momentum"": 0.32438057658363084, ""num_layers"": 3, ""weight_decay"": 0.07302941050106841}"
bohb,lcbench,168329,9,109,1,1.0,-0.09293961524963379,10.401497840881348,8402.098873853683,-30.841899871826172,"{""OpenML_task_id"": ""168329"", ""batch_size"": 18, ""learning_rate"": 0.005990088903005815, ""max_dropout"": 0.375824234268989, ""max_units"": 526, ""momentum"": 0.4164095486106232, ""num_layers"": 2, ""weight_decay"": 0.009079590072783573}"
bohb,lcbench,168329,9,109,2,3.0,-22.447864532470703,22.929420471191406,8425.028294324875,-30.841899871826172,"{""OpenML_task_id"": ""168329"", ""batch_size"": 18, ""learning_rate"": 0.005990088903005815, ""max_dropout"": 0.375824234268989, ""max_units"": 526, ""momentum"": 0.4164095486106232, ""num_layers"": 2, ""weight_decay"": 0.009079590072783573}"
bohb,lcbench,168329,9,109,3,9.0,-24.968137741088867,58.91791915893555,8483.94621348381,-30.841899871826172,"{""OpenML_task_id"": ""168329"", ""batch_size"": 18, ""learning_rate"": 0.005990088903005815, ""max_dropout"": 0.375824234268989, ""max_units"": 526, ""momentum"": 0.4164095486106232, ""num_layers"": 2, ""weight_decay"": 0.009079590072783573}"
bohb,lcbench,168329,9,109,4,27.0,-24.80239486694336,137.97882080078125,8621.925034284592,-30.841899871826172,"{""OpenML_task_id"": ""168329"", ""batch_size"": 18, ""learning_rate"": 0.005990088903005815, ""max_dropout"": 0.375824234268989, ""max_units"": 526, ""momentum"": 0.4164095486106232, ""num_layers"": 2, ""weight_decay"": 0.009079590072783573}"
bohb,lcbench,168329,9,110,1,1.0,0.0021910667419433594,8.442266464233398,8630.367300748825,-30.841899871826172,"{""OpenML_task_id"": ""168329"", ""batch_size"": 18, ""learning_rate"": 0.025186211578496837, ""max_dropout"": 0.42172271035015957, ""max_units"": 526, ""momentum"": 0.5461968822560483, ""num_layers"": 2, ""weight_decay"": 0.00799407290205035}"
bohb,lcbench,168329,9,110,2,3.0,-23.106597900390625,19.61336898803711,8649.980669736862,-30.841899871826172,"{""OpenML_task_id"": ""168329"", ""batch_size"": 18, ""learning_rate"": 0.025186211578496837, ""max_dropout"": 0.42172271035015957, ""max_units"": 526, ""momentum"": 0.5461968822560483, ""num_layers"": 2, ""weight_decay"": 0.00799407290205035}"
bohb,lcbench,168329,9,110,3,9.0,-23.63312339782715,50.22896957397461,8700.209639310837,-30.841899871826172,"{""OpenML_task_id"": ""168329"", ""batch_size"": 18, ""learning_rate"": 0.025186211578496837, ""max_dropout"": 0.42172271035015957, ""max_units"": 526, ""momentum"": 0.5461968822560483, ""num_layers"": 2, ""weight_decay"": 0.00799407290205035}"
bohb,lcbench,168329,9,110,4,27.0,-24.3393611907959,116.01033782958984,8816.219977140427,-30.841899871826172,"{""OpenML_task_id"": ""168329"", ""batch_size"": 18, ""learning_rate"": 0.025186211578496837, ""max_dropout"": 0.42172271035015957, ""max_units"": 526, ""momentum"": 0.5461968822560483, ""num_layers"": 2, ""weight_decay"": 0.00799407290205035}"
bohb,lcbench,168329,9,111,1,1.0,-0.13794589042663574,13.700815200805664,8829.920792341232,-30.841899871826172,"{""OpenML_task_id"": ""168329"", ""batch_size"": 18, ""learning_rate"": 0.015604052079837682, ""max_dropout"": 0.49440649744134996, ""max_units"": 738, ""momentum"": 0.5336503741920445, ""num_layers"": 2, ""weight_decay"": 0.0011079399525079979}"
bohb,lcbench,168329,9,111,2,3.0,-28.921369552612305,29.71770477294922,8859.638497114182,-30.841899871826172,"{""OpenML_task_id"": ""168329"", ""batch_size"": 18, ""learning_rate"": 0.015604052079837682, ""max_dropout"": 0.49440649744134996, ""max_units"": 738, ""momentum"": 0.5336503741920445, ""num_layers"": 2, ""weight_decay"": 0.0011079399525079979}"
bohb,lcbench,168329,9,111,3,9.0,-31.055667877197266,75.21649169921875,8934.8549888134,-31.055667877197266,"{""OpenML_task_id"": ""168329"", ""batch_size"": 18, ""learning_rate"": 0.015604052079837682, ""max_dropout"": 0.49440649744134996, ""max_units"": 738, ""momentum"": 0.5336503741920445, ""num_layers"": 2, ""weight_decay"": 0.0011079399525079979}"
bohb,lcbench,168329,9,111,4,27.0,-30.655689239501953,167.0563201904297,9101.91130900383,-31.055667877197266,"{""OpenML_task_id"": ""168329"", ""batch_size"": 18, ""learning_rate"": 0.015604052079837682, ""max_dropout"": 0.49440649744134996, ""max_units"": 738, ""momentum"": 0.5336503741920445, ""num_layers"": 2, ""weight_decay"": 0.0011079399525079979}"
bohb,lcbench,168329,9,111,5,52.0,-31.45673370361328,286.1650390625,9388.07634806633,-31.45673370361328,"{""OpenML_task_id"": ""168329"", ""batch_size"": 18, ""learning_rate"": 0.015604052079837682, ""max_dropout"": 0.49440649744134996, ""max_units"": 738, ""momentum"": 0.5336503741920445, ""num_layers"": 2, ""weight_decay"": 0.0011079399525079979}"
bohb,lcbench,168329,9,112,1,1.0,0.2488529086112976,2.4516212940216064,9390.527969360352,-31.45673370361328,"{""OpenML_task_id"": ""168329"", ""batch_size"": 240, ""learning_rate"": 0.0979504060614527, ""max_dropout"": 0.2835074245988104, ""max_units"": 126, ""momentum"": 0.7447971099345008, ""num_layers"": 3, ""weight_decay"": 0.07254551523280638}"
bohb,lcbench,168329,9,113,1,1.0,-0.0313715934753418,9.663823127746582,9400.191792488098,-31.45673370361328,"{""OpenML_task_id"": ""168329"", ""batch_size"": 24, ""learning_rate"": 0.03187071201700929, ""max_dropout"": 0.36534811802810935, ""max_units"": 662, ""momentum"": 0.4817131675257572, ""num_layers"": 2, ""weight_decay"": 0.0041955731514307275}"
bohb,lcbench,168329,9,113,2,3.0,-26.65137481689453,22.476219177246094,9422.668011665344,-31.45673370361328,"{""OpenML_task_id"": ""168329"", ""batch_size"": 24, ""learning_rate"": 0.03187071201700929, ""max_dropout"": 0.36534811802810935, ""max_units"": 662, ""momentum"": 0.4817131675257572, ""num_layers"": 2, ""weight_decay"": 0.0041955731514307275}"
bohb,lcbench,168329,9,113,3,9.0,-27.2535457611084,58.17327117919922,9480.841282844543,-31.45673370361328,"{""OpenML_task_id"": ""168329"", ""batch_size"": 24, ""learning_rate"": 0.03187071201700929, ""max_dropout"": 0.36534811802810935, ""max_units"": 662, ""momentum"": 0.4817131675257572, ""num_layers"": 2, ""weight_decay"": 0.0041955731514307275}"
bohb,lcbench,168329,9,113,4,27.0,-28.017274856567383,135.6249542236328,9616.466237068176,-31.45673370361328,"{""OpenML_task_id"": ""168329"", ""batch_size"": 24, ""learning_rate"": 0.03187071201700929, ""max_dropout"": 0.36534811802810935, ""max_units"": 662, ""momentum"": 0.4817131675257572, ""num_layers"": 2, ""weight_decay"": 0.0041955731514307275}"
bohb,lcbench,168329,9,113,5,52.0,-29.064271926879883,229.4505157470703,9845.916752815247,-31.45673370361328,"{""OpenML_task_id"": ""168329"", ""batch_size"": 24, ""learning_rate"": 0.03187071201700929, ""max_dropout"": 0.36534811802810935, ""max_units"": 662, ""momentum"": 0.4817131675257572, ""num_layers"": 2, ""weight_decay"": 0.0041955731514307275}"
bohb,lcbench,168329,9,114,1,1.0,0.32818472385406494,3.9576494693756104,9849.874402284622,-31.45673370361328,"{""OpenML_task_id"": ""168329"", ""batch_size"": 66, ""learning_rate"": 0.009868333512444427, ""max_dropout"": 0.547420950343919, ""max_units"": 392, ""momentum"": 0.45974147290784895, ""num_layers"": 5, ""weight_decay"": 0.06214860421487792}"
bohb,lcbench,168329,9,115,1,1.0,-0.012913346290588379,5.488778114318848,9855.363180398941,-31.45673370361328,"{""OpenML_task_id"": ""168329"", ""batch_size"": 26, ""learning_rate"": 0.025588302416028243, ""max_dropout"": 0.9061287763953381, ""max_units"": 968, ""momentum"": 0.6449850493310222, ""num_layers"": 2, ""weight_decay"": 0.047857008407834856}"
bohb,lcbench,168329,9,115,2,3.0,-6.9108662605285645,17.442180633544922,9872.805361032486,-31.45673370361328,"{""OpenML_task_id"": ""168329"", ""batch_size"": 26, ""learning_rate"": 0.025588302416028243, ""max_dropout"": 0.9061287763953381, ""max_units"": 968, ""momentum"": 0.6449850493310222, ""num_layers"": 2, ""weight_decay"": 0.047857008407834856}"
bohb,lcbench,168329,9,116,1,1.0,-0.12825286388397217,10.750115394592285,9883.555476427078,-31.45673370361328,"{""OpenML_task_id"": ""168329"", ""batch_size"": 18, ""learning_rate"": 0.014454961983646472, ""max_dropout"": 0.40397414286605554, ""max_units"": 738, ""momentum"": 0.5105781409951574, ""num_layers"": 2, ""weight_decay"": 0.0039904716184706165}"
bohb,lcbench,168329,9,116,2,3.0,-28.025909423828125,25.449230194091797,9909.00470662117,-31.45673370361328,"{""OpenML_task_id"": ""168329"", ""batch_size"": 18, ""learning_rate"": 0.014454961983646472, ""max_dropout"": 0.40397414286605554, ""max_units"": 738, ""momentum"": 0.5105781409951574, ""num_layers"": 2, ""weight_decay"": 0.0039904716184706165}"
bohb,lcbench,168329,9,116,3,9.0,-29.042776107788086,67.0560531616211,9976.060759782791,-31.45673370361328,"{""OpenML_task_id"": ""168329"", ""batch_size"": 18, ""learning_rate"": 0.014454961983646472, ""max_dropout"": 0.40397414286605554, ""max_units"": 738, ""momentum"": 0.5105781409951574, ""num_layers"": 2, ""weight_decay"": 0.0039904716184706165}"
bohb,lcbench,168329,9,116,4,27.0,-28.96254539489746,153.16738891601562,10129.228148698807,-31.45673370361328,"{""OpenML_task_id"": ""168329"", ""batch_size"": 18, ""learning_rate"": 0.014454961983646472, ""max_dropout"": 0.40397414286605554, ""max_units"": 738, ""momentum"": 0.5105781409951574, ""num_layers"": 2, ""weight_decay"": 0.0039904716184706165}"
bohb,lcbench,168329,9,116,5,52.0,-29.93400764465332,260.58209228515625,10389.810240983963,-31.45673370361328,"{""OpenML_task_id"": ""168329"", ""batch_size"": 18, ""learning_rate"": 0.014454961983646472, ""max_dropout"": 0.40397414286605554, ""max_units"": 738, ""momentum"": 0.5105781409951574, ""num_layers"": 2, ""weight_decay"": 0.0039904716184706165}"
bohb,lcbench,168329,9,117,1,1.0,-0.0036917924880981445,11.862903594970703,10401.673144578934,-31.45673370361328,"{""OpenML_task_id"": ""168329"", ""batch_size"": 24, ""learning_rate"": 0.04886282843939328, ""max_dropout"": 0.19961694483969616, ""max_units"": 662, ""momentum"": 0.5529044284821879, ""num_layers"": 2, ""weight_decay"": 0.0012544674070804954}"
bohb,lcbench,168329,9,117,2,3.0,-28.134735107421875,26.152042388916016,10427.82518696785,-31.45673370361328,"{""OpenML_task_id"": ""168329"", ""batch_size"": 24, ""learning_rate"": 0.04886282843939328, ""max_dropout"": 0.19961694483969616, ""max_units"": 662, ""momentum"": 0.5529044284821879, ""num_layers"": 2, ""weight_decay"": 0.0012544674070804954}"
bohb,lcbench,168329,9,117,3,9.0,-29.05263328552246,65.57930755615234,10493.404494524002,-31.45673370361328,"{""OpenML_task_id"": ""168329"", ""batch_size"": 24, ""learning_rate"": 0.04886282843939328, ""max_dropout"": 0.19961694483969616, ""max_units"": 662, ""momentum"": 0.5529044284821879, ""num_layers"": 2, ""weight_decay"": 0.0012544674070804954}"
bohb,lcbench,168329,9,117,4,27.0,-29.984081268310547,158.78570556640625,10652.190200090408,-31.45673370361328,"{""OpenML_task_id"": ""168329"", ""batch_size"": 24, ""learning_rate"": 0.04886282843939328, ""max_dropout"": 0.19961694483969616, ""max_units"": 662, ""momentum"": 0.5529044284821879, ""num_layers"": 2, ""weight_decay"": 0.0012544674070804954}"
bohb,lcbench,168329,9,117,5,52.0,-30.891738891601562,279.1801452636719,10931.37034535408,-31.45673370361328,"{""OpenML_task_id"": ""168329"", ""batch_size"": 24, ""learning_rate"": 0.04886282843939328, ""max_dropout"": 0.19961694483969616, ""max_units"": 662, ""momentum"": 0.5529044284821879, ""num_layers"": 2, ""weight_decay"": 0.0012544674070804954}"
bohb,lcbench,168329,9,118,1,1.0,-0.00541234016418457,8.926148414611816,10940.296493768692,-31.45673370361328,"{""OpenML_task_id"": ""168329"", ""batch_size"": 24, ""learning_rate"": 0.03214948442008336, ""max_dropout"": 0.5686096163014345, ""max_units"": 662, ""momentum"": 0.4681213394970888, ""num_layers"": 2, ""weight_decay"": 0.005054961334881144}"
bohb,lcbench,168329,9,118,2,3.0,-25.132301330566406,20.668983459472656,10960.965477228165,-31.45673370361328,"{""OpenML_task_id"": ""168329"", ""batch_size"": 24, ""learning_rate"": 0.03214948442008336, ""max_dropout"": 0.5686096163014345, ""max_units"": 662, ""momentum"": 0.4681213394970888, ""num_layers"": 2, ""weight_decay"": 0.005054961334881144}"
bohb,lcbench,168329,9,118,3,9.0,-25.512758255004883,53.939659118652344,11014.905136346817,-31.45673370361328,"{""OpenML_task_id"": ""168329"", ""batch_size"": 24, ""learning_rate"": 0.03214948442008336, ""max_dropout"": 0.5686096163014345, ""max_units"": 662, ""momentum"": 0.4681213394970888, ""num_layers"": 2, ""weight_decay"": 0.005054961334881144}"
bohb,lcbench,168329,9,118,4,27.0,-26.154850006103516,126.32105255126953,11141.226188898087,-31.45673370361328,"{""OpenML_task_id"": ""168329"", ""batch_size"": 24, ""learning_rate"": 0.03214948442008336, ""max_dropout"": 0.5686096163014345, ""max_units"": 662, ""momentum"": 0.4681213394970888, ""num_layers"": 2, ""weight_decay"": 0.005054961334881144}"
bohb,lcbench,168329,9,119,1,1.0,-0.03615891933441162,9.545292854309082,11150.771481752396,-31.45673370361328,"{""OpenML_task_id"": ""168329"", ""batch_size"": 24, ""learning_rate"": 0.02751749755620719, ""max_dropout"": 0.5951777322611197, ""max_units"": 662, ""momentum"": 0.5613461731656836, ""num_layers"": 2, ""weight_decay"": 0.003681451410075048}"
bohb,lcbench,168329,9,119,2,3.0,-25.967435836791992,21.52379608154297,11172.295277833939,-31.45673370361328,"{""OpenML_task_id"": ""168329"", ""batch_size"": 24, ""learning_rate"": 0.02751749755620719, ""max_dropout"": 0.5951777322611197, ""max_units"": 662, ""momentum"": 0.5613461731656836, ""num_layers"": 2, ""weight_decay"": 0.003681451410075048}"
bohb,lcbench,168329,9,119,3,9.0,-26.325422286987305,55.39827346801758,11227.693551301956,-31.45673370361328,"{""OpenML_task_id"": ""168329"", ""batch_size"": 24, ""learning_rate"": 0.02751749755620719, ""max_dropout"": 0.5951777322611197, ""max_units"": 662, ""momentum"": 0.5613461731656836, ""num_layers"": 2, ""weight_decay"": 0.003681451410075048}"
bohb,lcbench,168329,9,119,4,27.0,-26.88297462463379,131.69114685058594,11359.384698152542,-31.45673370361328,"{""OpenML_task_id"": ""168329"", ""batch_size"": 24, ""learning_rate"": 0.02751749755620719, ""max_dropout"": 0.5951777322611197, ""max_units"": 662, ""momentum"": 0.5613461731656836, ""num_layers"": 2, ""weight_decay"": 0.003681451410075048}"
bohb,lcbench,168329,9,120,1,1.0,-0.17348825931549072,6.838625907897949,11366.22332406044,-31.45673370361328,"{""OpenML_task_id"": ""168329"", ""batch_size"": 175, ""learning_rate"": 0.006924863599140891, ""max_dropout"": 0.9188874123040893, ""max_units"": 438, ""momentum"": 0.30274855766531483, ""num_layers"": 2, ""weight_decay"": 0.017775769381590218}"
bohb,lcbench,168329,9,120,2,3.0,-7.625115394592285,18.48245620727539,11384.705780267715,-31.45673370361328,"{""OpenML_task_id"": ""168329"", ""batch_size"": 175, ""learning_rate"": 0.006924863599140891, ""max_dropout"": 0.9188874123040893, ""max_units"": 438, ""momentum"": 0.30274855766531483, ""num_layers"": 2, ""weight_decay"": 0.017775769381590218}"
bohb,lcbench,168329,9,121,1,1.0,0.005225777626037598,11.415278434753418,11396.121058702469,-31.45673370361328,"{""OpenML_task_id"": ""168329"", ""batch_size"": 24, ""learning_rate"": 0.053601128563429065, ""max_dropout"": 0.38419117631452526, ""max_units"": 662, ""momentum"": 0.5031238609765601, ""num_layers"": 2, ""weight_decay"": 0.001277661570420564}"
bohb,lcbench,168329,9,121,2,3.0,-27.657066345214844,24.758968353271484,11420.88002705574,-31.45673370361328,"{""OpenML_task_id"": ""168329"", ""batch_size"": 24, ""learning_rate"": 0.053601128563429065, ""max_dropout"": 0.38419117631452526, ""max_units"": 662, ""momentum"": 0.5031238609765601, ""num_layers"": 2, ""weight_decay"": 0.001277661570420564}"
bohb,lcbench,168329,9,121,3,9.0,-28.649585723876953,62.04990005493164,11482.929927110672,-31.45673370361328,"{""OpenML_task_id"": ""168329"", ""batch_size"": 24, ""learning_rate"": 0.053601128563429065, ""max_dropout"": 0.38419117631452526, ""max_units"": 662, ""momentum"": 0.5031238609765601, ""num_layers"": 2, ""weight_decay"": 0.001277661570420564}"
bohb,lcbench,168329,9,121,4,27.0,-29.545228958129883,150.54159545898438,11633.471522569656,-31.45673370361328,"{""OpenML_task_id"": ""168329"", ""batch_size"": 24, ""learning_rate"": 0.053601128563429065, ""max_dropout"": 0.38419117631452526, ""max_units"": 662, ""momentum"": 0.5031238609765601, ""num_layers"": 2, ""weight_decay"": 0.001277661570420564}"
bohb,lcbench,168329,9,121,5,52.0,-30.457366943359375,264.7403869628906,11898.211909532547,-31.45673370361328,"{""OpenML_task_id"": ""168329"", ""batch_size"": 24, ""learning_rate"": 0.053601128563429065, ""max_dropout"": 0.38419117631452526, ""max_units"": 662, ""momentum"": 0.5031238609765601, ""num_layers"": 2, ""weight_decay"": 0.001277661570420564}"
bohb,lcbench,168329,9,122,1,1.0,0.012558579444885254,10.964863777160645,11909.176773309708,-31.45673370361328,"{""OpenML_task_id"": ""168329"", ""batch_size"": 24, ""learning_rate"": 0.057426322450673487, ""max_dropout"": 0.43234834567945185, ""max_units"": 662, ""momentum"": 0.45367377909122075, ""num_layers"": 2, ""weight_decay"": 0.0014875031240118087}"
bohb,lcbench,168329,9,123,1,1.0,-0.20325684547424316,16.146717071533203,11925.32349038124,-31.45673370361328,"{""OpenML_task_id"": ""168329"", ""batch_size"": 24, ""learning_rate"": 0.03404742418281451, ""max_dropout"": 0.2893921268777055, ""max_units"": 662, ""momentum"": 0.5149934740485933, ""num_layers"": 2, ""weight_decay"": 0.0002783206863891515}"
bohb,lcbench,168329,9,123,2,3.0,-28.82769203186035,31.953041076660156,11957.276531457901,-31.45673370361328,"{""OpenML_task_id"": ""168329"", ""batch_size"": 24, ""learning_rate"": 0.03404742418281451, ""max_dropout"": 0.2893921268777055, ""max_units"": 662, ""momentum"": 0.5149934740485933, ""num_layers"": 2, ""weight_decay"": 0.0002783206863891515}"
bohb,lcbench,168329,9,123,3,9.0,-30.630281448364258,77.04743194580078,12034.323963403702,-31.45673370361328,"{""OpenML_task_id"": ""168329"", ""batch_size"": 24, ""learning_rate"": 0.03404742418281451, ""max_dropout"": 0.2893921268777055, ""max_units"": 662, ""momentum"": 0.5149934740485933, ""num_layers"": 2, ""weight_decay"": 0.0002783206863891515}"
bohb,lcbench,168329,9,123,4,27.0,-30.86717414855957,177.32798767089844,12211.6519510746,-31.45673370361328,"{""OpenML_task_id"": ""168329"", ""batch_size"": 24, ""learning_rate"": 0.03404742418281451, ""max_dropout"": 0.2893921268777055, ""max_units"": 662, ""momentum"": 0.5149934740485933, ""num_layers"": 2, ""weight_decay"": 0.0002783206863891515}"
bohb,lcbench,168329,9,123,5,52.0,-31.792945861816406,311.4523620605469,12523.104313135147,-31.792945861816406,"{""OpenML_task_id"": ""168329"", ""batch_size"": 24, ""learning_rate"": 0.03404742418281451, ""max_dropout"": 0.2893921268777055, ""max_units"": 662, ""momentum"": 0.5149934740485933, ""num_layers"": 2, ""weight_decay"": 0.0002783206863891515}"
bohb,lcbench,168329,9,124,1,1.0,-0.07394278049468994,15.669807434082031,12538.77412056923,-31.792945861816406,"{""OpenML_task_id"": ""168329"", ""batch_size"": 18, ""learning_rate"": 0.03196526384183223, ""max_dropout"": 0.5075134265272705, ""max_units"": 738, ""momentum"": 0.4916739774618113, ""num_layers"": 2, ""weight_decay"": 0.0004350298388226406}"
bohb,lcbench,168329,9,124,2,3.0,-28.833723068237305,31.460792541503906,12570.234913110733,-31.792945861816406,"{""OpenML_task_id"": ""168329"", ""batch_size"": 18, ""learning_rate"": 0.03196526384183223, ""max_dropout"": 0.5075134265272705, ""max_units"": 738, ""momentum"": 0.4916739774618113, ""num_layers"": 2, ""weight_decay"": 0.0004350298388226406}"
bohb,lcbench,168329,9,124,3,9.0,-30.399639129638672,78.31639862060547,12648.551311731339,-31.792945861816406,"{""OpenML_task_id"": ""168329"", ""batch_size"": 18, ""learning_rate"": 0.03196526384183223, ""max_dropout"": 0.5075134265272705, ""max_units"": 738, ""momentum"": 0.4916739774618113, ""num_layers"": 2, ""weight_decay"": 0.0004350298388226406}"
bohb,lcbench,168329,9,124,4,27.0,-30.121313095092773,176.7729949951172,12825.324306726456,-31.792945861816406,"{""OpenML_task_id"": ""168329"", ""batch_size"": 18, ""learning_rate"": 0.03196526384183223, ""max_dropout"": 0.5075134265272705, ""max_units"": 738, ""momentum"": 0.4916739774618113, ""num_layers"": 2, ""weight_decay"": 0.0004350298388226406}"
bohb,lcbench,168329,9,124,5,52.0,-30.814762115478516,309.9672546386719,13135.291561365128,-31.792945861816406,"{""OpenML_task_id"": ""168329"", ""batch_size"": 18, ""learning_rate"": 0.03196526384183223, ""max_dropout"": 0.5075134265272705, ""max_units"": 738, ""momentum"": 0.4916739774618113, ""num_layers"": 2, ""weight_decay"": 0.0004350298388226406}"
bohb,lcbench,168329,9,125,1,1.0,-0.07053148746490479,12.813932418823242,13148.10549378395,-31.792945861816406,"{""OpenML_task_id"": ""168329"", ""batch_size"": 24, ""learning_rate"": 0.027574932626272277, ""max_dropout"": 0.2811268201084406, ""max_units"": 662, ""momentum"": 0.4897585486688003, ""num_layers"": 2, ""weight_decay"": 0.0011896300047771716}"
bohb,lcbench,168329,9,125,2,3.0,-28.89273452758789,27.369415283203125,13175.474909067154,-31.792945861816406,"{""OpenML_task_id"": ""168329"", ""batch_size"": 24, ""learning_rate"": 0.027574932626272277, ""max_dropout"": 0.2811268201084406, ""max_units"": 662, ""momentum"": 0.4897585486688003, ""num_layers"": 2, ""weight_decay"": 0.0011896300047771716}"
bohb,lcbench,168329,9,125,3,9.0,-30.607967376708984,67.99871063232422,13243.473619699478,-31.792945861816406,"{""OpenML_task_id"": ""168329"", ""batch_size"": 24, ""learning_rate"": 0.027574932626272277, ""max_dropout"": 0.2811268201084406, ""max_units"": 662, ""momentum"": 0.4897585486688003, ""num_layers"": 2, ""weight_decay"": 0.0011896300047771716}"
bohb,lcbench,168329,9,125,4,27.0,-30.991289138793945,156.78883361816406,13400.262453317642,-31.792945861816406,"{""OpenML_task_id"": ""168329"", ""batch_size"": 24, ""learning_rate"": 0.027574932626272277, ""max_dropout"": 0.2811268201084406, ""max_units"": 662, ""momentum"": 0.4897585486688003, ""num_layers"": 2, ""weight_decay"": 0.0011896300047771716}"
bohb,lcbench,168329,9,125,5,52.0,-32.02739334106445,271.46173095703125,13671.724184274673,-32.02739334106445,"{""OpenML_task_id"": ""168329"", ""batch_size"": 24, ""learning_rate"": 0.027574932626272277, ""max_dropout"": 0.2811268201084406, ""max_units"": 662, ""momentum"": 0.4897585486688003, ""num_layers"": 2, ""weight_decay"": 0.0011896300047771716}"
bohb,lcbench,168329,9,126,1,1.0,-0.16787481307983398,14.31298828125,13686.037172555923,-32.02739334106445,"{""OpenML_task_id"": ""168329"", ""batch_size"": 18, ""learning_rate"": 0.011664224889802174, ""max_dropout"": 0.6285008899418265, ""max_units"": 738, ""momentum"": 0.5420860248597316, ""num_layers"": 2, ""weight_decay"": 0.0008389184115061441}"
bohb,lcbench,168329,9,126,2,3.0,-28.350921630859375,30.412151336669922,13716.449323892593,-32.02739334106445,"{""OpenML_task_id"": ""168329"", ""batch_size"": 18, ""learning_rate"": 0.011664224889802174, ""max_dropout"": 0.6285008899418265, ""max_units"": 738, ""momentum"": 0.5420860248597316, ""num_layers"": 2, ""weight_decay"": 0.0008389184115061441}"
bohb,lcbench,168329,9,126,3,9.0,-31.121952056884766,76.85081481933594,13793.30013871193,-32.02739334106445,"{""OpenML_task_id"": ""168329"", ""batch_size"": 18, ""learning_rate"": 0.011664224889802174, ""max_dropout"": 0.6285008899418265, ""max_units"": 738, ""momentum"": 0.5420860248597316, ""num_layers"": 2, ""weight_decay"": 0.0008389184115061441}"
bohb,lcbench,168329,9,126,4,27.0,-30.618337631225586,171.2718048095703,13964.5719435215,-32.02739334106445,"{""OpenML_task_id"": ""168329"", ""batch_size"": 18, ""learning_rate"": 0.011664224889802174, ""max_dropout"": 0.6285008899418265, ""max_units"": 738, ""momentum"": 0.5420860248597316, ""num_layers"": 2, ""weight_decay"": 0.0008389184115061441}"
bohb,lcbench,168329,9,126,5,52.0,-31.070159912109375,293.5877990722656,14258.159742593765,-32.02739334106445,"{""OpenML_task_id"": ""168329"", ""batch_size"": 18, ""learning_rate"": 0.011664224889802174, ""max_dropout"": 0.6285008899418265, ""max_units"": 738, ""momentum"": 0.5420860248597316, ""num_layers"": 2, ""weight_decay"": 0.0008389184115061441}"
bohb,lcbench,168329,9,127,1,1.0,-0.11211347579956055,13.841656684875488,14272.00139927864,-32.02739334106445,"{""OpenML_task_id"": ""168329"", ""batch_size"": 18, ""learning_rate"": 0.01834076667023427, ""max_dropout"": 0.6970607531802863, ""max_units"": 738, ""momentum"": 0.4932292930012401, ""num_layers"": 2, ""weight_decay"": 0.0008274184097793747}"
bohb,lcbench,168329,9,127,2,3.0,-28.404434204101562,29.396976470947266,14301.398375749588,-32.02739334106445,"{""OpenML_task_id"": ""168329"", ""batch_size"": 18, ""learning_rate"": 0.01834076667023427, ""max_dropout"": 0.6970607531802863, ""max_units"": 738, ""momentum"": 0.4932292930012401, ""num_layers"": 2, ""weight_decay"": 0.0008274184097793747}"
bohb,lcbench,168329,9,127,3,9.0,-30.458446502685547,73.73556518554688,14375.133940935135,-32.02739334106445,"{""OpenML_task_id"": ""168329"", ""batch_size"": 18, ""learning_rate"": 0.01834076667023427, ""max_dropout"": 0.6970607531802863, ""max_units"": 738, ""momentum"": 0.4932292930012401, ""num_layers"": 2, ""weight_decay"": 0.0008274184097793747}"
bohb,lcbench,168329,9,127,4,27.0,-29.71758270263672,166.46505737304688,14541.598998308182,-32.02739334106445,"{""OpenML_task_id"": ""168329"", ""batch_size"": 18, ""learning_rate"": 0.01834076667023427, ""max_dropout"": 0.6970607531802863, ""max_units"": 738, ""momentum"": 0.4932292930012401, ""num_layers"": 2, ""weight_decay"": 0.0008274184097793747}"
bohb,lcbench,168329,9,127,5,52.0,-30.20000457763672,284.62274169921875,14826.2217400074,-32.02739334106445,"{""OpenML_task_id"": ""168329"", ""batch_size"": 18, ""learning_rate"": 0.01834076667023427, ""max_dropout"": 0.6970607531802863, ""max_units"": 738, ""momentum"": 0.4932292930012401, ""num_layers"": 2, ""weight_decay"": 0.0008274184097793747}"
bohb,lcbench,168329,9,128,1,1.0,0.05971032381057739,4.702296733856201,14830.924036741257,-32.02739334106445,"{""OpenML_task_id"": ""168329"", ""batch_size"": 282, ""learning_rate"": 0.06636036093498326, ""max_dropout"": 0.34474229328366635, ""max_units"": 215, ""momentum"": 0.5049143149764298, ""num_layers"": 4, ""weight_decay"": 0.005608504604059892}"
bohb,lcbench,168329,9,129,1,1.0,0.2512631416320801,2.426520824432373,14833.350557565689,-32.02739334106445,"{""OpenML_task_id"": ""168329"", ""batch_size"": 129, ""learning_rate"": 0.03695940715964744, ""max_dropout"": 0.8314426880085796, ""max_units"": 292, ""momentum"": 0.5998432811862722, ""num_layers"": 4, ""weight_decay"": 0.06550163325136625}"
bohb,lcbench,168329,9,130,1,1.0,0.01252657175064087,11.663494110107422,14845.014051675797,-32.02739334106445,"{""OpenML_task_id"": ""168329"", ""batch_size"": 24, ""learning_rate"": 0.05407853591551333, ""max_dropout"": 0.1740420102642656, ""max_units"": 662, ""momentum"": 0.5658463656457419, ""num_layers"": 2, ""weight_decay"": 0.0012708291691638355}"
bohb,lcbench,168329,9,131,1,1.0,0.0034748315811157227,12.396985054016113,14857.411036729813,-32.02739334106445,"{""OpenML_task_id"": ""168329"", ""batch_size"": 24, ""learning_rate"": 0.044289865563811766, ""max_dropout"": 0.24417615930817935, ""max_units"": 662, ""momentum"": 0.6317320836005096, ""num_layers"": 2, ""weight_decay"": 0.0009057517984379611}"
bohb,lcbench,168329,9,132,1,1.0,-0.0740882158279419,13.771933555603027,14871.182970285416,-32.02739334106445,"{""OpenML_task_id"": ""168329"", ""batch_size"": 18, ""learning_rate"": 0.027956711647006912, ""max_dropout"": 0.3938306311374686, ""max_units"": 738, ""momentum"": 0.5102415585516785, ""num_layers"": 2, ""weight_decay"": 0.0009983933027717733}"
bohb,lcbench,168329,9,132,2,3.0,-29.294231414794922,28.99258041381836,14900.175550699234,-32.02739334106445,"{""OpenML_task_id"": ""168329"", ""batch_size"": 18, ""learning_rate"": 0.027956711647006912, ""max_dropout"": 0.3938306311374686, ""max_units"": 738, ""momentum"": 0.5102415585516785, ""num_layers"": 2, ""weight_decay"": 0.0009983933027717733}"
bohb,lcbench,168329,9,132,3,9.0,-30.53143310546875,74.31008911132812,14974.485639810562,-32.02739334106445,"{""OpenML_task_id"": ""168329"", ""batch_size"": 18, ""learning_rate"": 0.027956711647006912, ""max_dropout"": 0.3938306311374686, ""max_units"": 738, ""momentum"": 0.5102415585516785, ""num_layers"": 2, ""weight_decay"": 0.0009983933027717733}"
bohb,lcbench,168329,9,132,4,27.0,-30.54683494567871,167.61131286621094,15142.096952676773,-32.02739334106445,"{""OpenML_task_id"": ""168329"", ""batch_size"": 18, ""learning_rate"": 0.027956711647006912, ""max_dropout"": 0.3938306311374686, ""max_units"": 738, ""momentum"": 0.5102415585516785, ""num_layers"": 2, ""weight_decay"": 0.0009983933027717733}"
bohb,lcbench,168329,9,132,5,52.0,-31.465404510498047,291.7178039550781,15433.814756631851,-32.02739334106445,"{""OpenML_task_id"": ""168329"", ""batch_size"": 18, ""learning_rate"": 0.027956711647006912, ""max_dropout"": 0.3938306311374686, ""max_units"": 738, ""momentum"": 0.5102415585516785, ""num_layers"": 2, ""weight_decay"": 0.0009983933027717733}"
bohb,lcbench,168329,9,133,1,1.0,0.0008751153945922852,7.888662338256836,15441.703418970108,-32.02739334106445,"{""OpenML_task_id"": ""168329"", ""batch_size"": 20, ""learning_rate"": 0.02989399911803062, ""max_dropout"": 0.03244600436429007, ""max_units"": 168, ""momentum"": 0.11734082206156494, ""num_layers"": 4, ""weight_decay"": 0.001388860575516787}"
bohb,lcbench,168329,9,133,2,3.0,-15.434192657470703,20.115379333496094,15461.818798303604,-32.02739334106445,"{""OpenML_task_id"": ""168329"", ""batch_size"": 20, ""learning_rate"": 0.02989399911803062, ""max_dropout"": 0.03244600436429007, ""max_units"": 168, ""momentum"": 0.11734082206156494, ""num_layers"": 4, ""weight_decay"": 0.001388860575516787}"
bohb,lcbench,168329,9,134,1,1.0,-0.4854555130004883,16.00308609008789,15477.821884393692,-32.02739334106445,"{""OpenML_task_id"": ""168329"", ""batch_size"": 18, ""learning_rate"": 0.003044694453275561, ""max_dropout"": 0.4487027421086975, ""max_units"": 738, ""momentum"": 0.5568898788719825, ""num_layers"": 2, ""weight_decay"": 0.0006253397896547704}"
bohb,lcbench,168329,9,134,2,3.0,-25.276044845581055,34.88421630859375,15512.706100702286,-32.02739334106445,"{""OpenML_task_id"": ""168329"", ""batch_size"": 18, ""learning_rate"": 0.003044694453275561, ""max_dropout"": 0.4487027421086975, ""max_units"": 738, ""momentum"": 0.5568898788719825, ""num_layers"": 2, ""weight_decay"": 0.0006253397896547704}"
bohb,lcbench,168329,9,134,3,9.0,-31.24964141845703,81.50834655761719,15594.214447259903,-32.02739334106445,"{""OpenML_task_id"": ""168329"", ""batch_size"": 18, ""learning_rate"": 0.003044694453275561, ""max_dropout"": 0.4487027421086975, ""max_units"": 738, ""momentum"": 0.5568898788719825, ""num_layers"": 2, ""weight_decay"": 0.0006253397896547704}"
bohb,lcbench,168329,9,134,4,27.0,-32.49590301513672,192.81497192382812,15787.029419183731,-32.49590301513672,"{""OpenML_task_id"": ""168329"", ""batch_size"": 18, ""learning_rate"": 0.003044694453275561, ""max_dropout"": 0.4487027421086975, ""max_units"": 738, ""momentum"": 0.5568898788719825, ""num_layers"": 2, ""weight_decay"": 0.0006253397896547704}"
bohb,lcbench,168329,9,134,5,52.0,-32.5031852722168,335.18206787109375,16122.211487054825,-32.5031852722168,"{""OpenML_task_id"": ""168329"", ""batch_size"": 18, ""learning_rate"": 0.003044694453275561, ""max_dropout"": 0.4487027421086975, ""max_units"": 738, ""momentum"": 0.5568898788719825, ""num_layers"": 2, ""weight_decay"": 0.0006253397896547704}"
bohb,lcbench,168329,9,135,1,1.0,-0.03176307678222656,12.099963188171387,16134.311450242996,-32.5031852722168,"{""OpenML_task_id"": ""168329"", ""batch_size"": 24, ""learning_rate"": 0.035541645667111425, ""max_dropout"": 0.36000601371071417, ""max_units"": 662, ""momentum"": 0.4316154079449628, ""num_layers"": 2, ""weight_decay"": 0.0014425719106031904}"
bohb,lcbench,168329,9,135,2,3.0,-28.279966354370117,25.86478042602539,16160.176230669022,-32.5031852722168,"{""OpenML_task_id"": ""168329"", ""batch_size"": 24, ""learning_rate"": 0.035541645667111425, ""max_dropout"": 0.36000601371071417, ""max_units"": 662, ""momentum"": 0.4316154079449628, ""num_layers"": 2, ""weight_decay"": 0.0014425719106031904}"
bohb,lcbench,168329,9,135,3,9.0,-29.769712448120117,64.27547454833984,16224.451705217361,-32.5031852722168,"{""OpenML_task_id"": ""168329"", ""batch_size"": 24, ""learning_rate"": 0.035541645667111425, ""max_dropout"": 0.36000601371071417, ""max_units"": 662, ""momentum"": 0.4316154079449628, ""num_layers"": 2, ""weight_decay"": 0.0014425719106031904}"
bohb,lcbench,168329,9,135,4,27.0,-30.41156005859375,149.49156188964844,16373.94326710701,-32.5031852722168,"{""OpenML_task_id"": ""168329"", ""batch_size"": 24, ""learning_rate"": 0.035541645667111425, ""max_dropout"": 0.36000601371071417, ""max_units"": 662, ""momentum"": 0.4316154079449628, ""num_layers"": 2, ""weight_decay"": 0.0014425719106031904}"
bohb,lcbench,168329,9,135,5,52.0,-31.345741271972656,259.1555480957031,16633.098815202713,-32.5031852722168,"{""OpenML_task_id"": ""168329"", ""batch_size"": 24, ""learning_rate"": 0.035541645667111425, ""max_dropout"": 0.36000601371071417, ""max_units"": 662, ""momentum"": 0.4316154079449628, ""num_layers"": 2, ""weight_decay"": 0.0014425719106031904}"
bohb,lcbench,168329,9,136,1,1.0,-0.14960193634033203,15.961252212524414,16649.060067415237,-32.5031852722168,"{""OpenML_task_id"": ""168329"", ""batch_size"": 18, ""learning_rate"": 0.033285950283387045, ""max_dropout"": 0.4152147160109733, ""max_units"": 738, ""momentum"": 0.5676554408303622, ""num_layers"": 2, ""weight_decay"": 0.0003274772609305426}"
bohb,lcbench,168329,9,136,2,3.0,-28.73941421508789,32.65027618408203,16681.71034359932,-32.5031852722168,"{""OpenML_task_id"": ""168329"", ""batch_size"": 18, ""learning_rate"": 0.033285950283387045, ""max_dropout"": 0.4152147160109733, ""max_units"": 738, ""momentum"": 0.5676554408303622, ""num_layers"": 2, ""weight_decay"": 0.0003274772609305426}"
bohb,lcbench,168329,9,136,3,9.0,-30.063255310058594,79.52122497558594,16761.231568574905,-32.5031852722168,"{""OpenML_task_id"": ""168329"", ""batch_size"": 18, ""learning_rate"": 0.033285950283387045, ""max_dropout"": 0.4152147160109733, ""max_units"": 738, ""momentum"": 0.5676554408303622, ""num_layers"": 2, ""weight_decay"": 0.0003274772609305426}"
bohb,lcbench,168329,9,136,4,27.0,-29.754573822021484,180.66773986816406,16941.89930844307,-32.5031852722168,"{""OpenML_task_id"": ""168329"", ""batch_size"": 18, ""learning_rate"": 0.033285950283387045, ""max_dropout"": 0.4152147160109733, ""max_units"": 738, ""momentum"": 0.5676554408303622, ""num_layers"": 2, ""weight_decay"": 0.0003274772609305426}"
bohb,lcbench,168329,9,136,5,52.0,-30.43901252746582,329.40338134765625,17271.302689790726,-32.5031852722168,"{""OpenML_task_id"": ""168329"", ""batch_size"": 18, ""learning_rate"": 0.033285950283387045, ""max_dropout"": 0.4152147160109733, ""max_units"": 738, ""momentum"": 0.5676554408303622, ""num_layers"": 2, ""weight_decay"": 0.0003274772609305426}"
bohb,lcbench,168329,9,137,1,1.0,-0.034725189208984375,10.033357620239258,17281.336047410965,-32.5031852722168,"{""OpenML_task_id"": ""168329"", ""batch_size"": 20, ""learning_rate"": 0.006654537134291563, ""max_dropout"": 0.12928493589653675, ""max_units"": 168, ""momentum"": 0.11075724601447952, ""num_layers"": 4, ""weight_decay"": 0.0009368016691632212}"
bohb,lcbench,168329,9,137,2,3.0,-4.605344772338867,27.211841583251953,17308.547888994217,-32.5031852722168,"{""OpenML_task_id"": ""168329"", ""batch_size"": 20, ""learning_rate"": 0.006654537134291563, ""max_dropout"": 0.12928493589653675, ""max_units"": 168, ""momentum"": 0.11075724601447952, ""num_layers"": 4, ""weight_decay"": 0.0009368016691632212}"
bohb,lcbench,168329,9,138,1,1.0,-0.07191073894500732,16.188552856445312,17324.736441850662,-32.5031852722168,"{""OpenML_task_id"": ""168329"", ""batch_size"": 18, ""learning_rate"": 0.03948357203167734, ""max_dropout"": 0.4882112902091319, ""max_units"": 738, ""momentum"": 0.5183385840348873, ""num_layers"": 2, ""weight_decay"": 0.00028846676770376164}"
bohb,lcbench,168329,9,138,2,3.0,-28.42659568786621,32.50803756713867,17357.2444794178,-32.5031852722168,"{""OpenML_task_id"": ""168329"", ""batch_size"": 18, ""learning_rate"": 0.03948357203167734, ""max_dropout"": 0.4882112902091319, ""max_units"": 738, ""momentum"": 0.5183385840348873, ""num_layers"": 2, ""weight_decay"": 0.00028846676770376164}"
bohb,lcbench,168329,9,138,3,9.0,-29.97397804260254,79.47102355957031,17436.71550297737,-32.5031852722168,"{""OpenML_task_id"": ""168329"", ""batch_size"": 18, ""learning_rate"": 0.03948357203167734, ""max_dropout"": 0.4882112902091319, ""max_units"": 738, ""momentum"": 0.5183385840348873, ""num_layers"": 2, ""weight_decay"": 0.00028846676770376164}"
bohb,lcbench,168329,9,138,4,27.0,-29.63946533203125,182.9686279296875,17619.68413090706,-32.5031852722168,"{""OpenML_task_id"": ""168329"", ""batch_size"": 18, ""learning_rate"": 0.03948357203167734, ""max_dropout"": 0.4882112902091319, ""max_units"": 738, ""momentum"": 0.5183385840348873, ""num_layers"": 2, ""weight_decay"": 0.00028846676770376164}"
bohb,lcbench,168329,9,138,5,52.0,-30.380361557006836,330.4826965332031,17950.166827440262,-32.5031852722168,"{""OpenML_task_id"": ""168329"", ""batch_size"": 18, ""learning_rate"": 0.03948357203167734, ""max_dropout"": 0.4882112902091319, ""max_units"": 738, ""momentum"": 0.5183385840348873, ""num_layers"": 2, ""weight_decay"": 0.00028846676770376164}"
bohb,lcbench,168329,9,139,1,1.0,-0.07385468482971191,17.563499450683594,17967.730326890945,-32.5031852722168,"{""OpenML_task_id"": ""168329"", ""batch_size"": 18, ""learning_rate"": 0.037929991823208595, ""max_dropout"": 0.685487798697529, ""max_units"": 738, ""momentum"": 0.4620411779306278, ""num_layers"": 2, ""weight_decay"": 0.00018837397741749477}"
bohb,lcbench,168329,9,139,2,3.0,-27.97551727294922,34.0656623840332,18001.79598927498,-32.5031852722168,"{""OpenML_task_id"": ""168329"", ""batch_size"": 18, ""learning_rate"": 0.037929991823208595, ""max_dropout"": 0.685487798697529, ""max_units"": 738, ""momentum"": 0.4620411779306278, ""num_layers"": 2, ""weight_decay"": 0.00018837397741749477}"
bohb,lcbench,168329,9,139,3,9.0,-30.400836944580078,81.49858093261719,18083.294570207596,-32.5031852722168,"{""OpenML_task_id"": ""168329"", ""batch_size"": 18, ""learning_rate"": 0.037929991823208595, ""max_dropout"": 0.685487798697529, ""max_units"": 738, ""momentum"": 0.4620411779306278, ""num_layers"": 2, ""weight_decay"": 0.00018837397741749477}"
bohb,lcbench,168329,9,139,4,27.0,-29.877653121948242,188.79611206054688,18272.090682268143,-32.5031852722168,"{""OpenML_task_id"": ""168329"", ""batch_size"": 18, ""learning_rate"": 0.037929991823208595, ""max_dropout"": 0.685487798697529, ""max_units"": 738, ""momentum"": 0.4620411779306278, ""num_layers"": 2, ""weight_decay"": 0.00018837397741749477}"
bohb,lcbench,168329,9,139,5,52.0,-30.2723331451416,334.61590576171875,18606.70658802986,-32.5031852722168,"{""OpenML_task_id"": ""168329"", ""batch_size"": 18, ""learning_rate"": 0.037929991823208595, ""max_dropout"": 0.685487798697529, ""max_units"": 738, ""momentum"": 0.4620411779306278, ""num_layers"": 2, ""weight_decay"": 0.00018837397741749477}"
bohb,lcbench,168329,9,140,1,1.0,-0.03081691265106201,11.526835441589355,18618.23342347145,-32.5031852722168,"{""OpenML_task_id"": ""168329"", ""batch_size"": 18, ""learning_rate"": 0.039379981808341395, ""max_dropout"": 0.498374992127821, ""max_units"": 738, ""momentum"": 0.5488369113549267, ""num_layers"": 2, ""weight_decay"": 0.001558900437910156}"
bohb,lcbench,168329,9,140,2,3.0,-27.63133430480957,25.645851135253906,18643.879274606705,-32.5031852722168,"{""OpenML_task_id"": ""168329"", ""batch_size"": 18, ""learning_rate"": 0.039379981808341395, ""max_dropout"": 0.498374992127821, ""max_units"": 738, ""momentum"": 0.5488369113549267, ""num_layers"": 2, ""weight_decay"": 0.001558900437910156}"
bohb,lcbench,168329,9,140,3,9.0,-28.008974075317383,66.41320037841797,18710.292474985123,-32.5031852722168,"{""OpenML_task_id"": ""168329"", ""batch_size"": 18, ""learning_rate"": 0.039379981808341395, ""max_dropout"": 0.498374992127821, ""max_units"": 738, ""momentum"": 0.5488369113549267, ""num_layers"": 2, ""weight_decay"": 0.001558900437910156}"
bohb,lcbench,168329,9,141,1,1.0,0.014460861682891846,4.313239574432373,18714.605714559555,-32.5031852722168,"{""OpenML_task_id"": ""168329"", ""batch_size"": 38, ""learning_rate"": 0.004148167908555756, ""max_dropout"": 0.6603285941901301, ""max_units"": 78, ""momentum"": 0.5855121936338804, ""num_layers"": 3, ""weight_decay"": 0.05249951498271628}"
bohb,lcbench,168329,9,142,1,1.0,-0.6393579244613647,19.918758392333984,18734.52447295189,-32.5031852722168,"{""OpenML_task_id"": ""168329"", ""batch_size"": 18, ""learning_rate"": 0.0031011319564781216, ""max_dropout"": 0.36143743294154984, ""max_units"": 738, ""momentum"": 0.5687011808267601, ""num_layers"": 2, ""weight_decay"": 0.00015347895473198804}"
bohb,lcbench,168329,9,142,2,3.0,-22.90586280822754,39.09133529663086,18773.61580824852,-32.5031852722168,"{""OpenML_task_id"": ""168329"", ""batch_size"": 18, ""learning_rate"": 0.0031011319564781216, ""max_dropout"": 0.36143743294154984, ""max_units"": 738, ""momentum"": 0.5687011808267601, ""num_layers"": 2, ""weight_decay"": 0.00015347895473198804}"
bohb,lcbench,168329,9,143,1,1.0,-0.06448018550872803,12.995213508605957,18786.611021757126,-32.5031852722168,"{""OpenML_task_id"": ""168329"", ""batch_size"": 18, ""learning_rate"": 0.025724054628416662, ""max_dropout"": 0.6510780432133697, ""max_units"": 738, ""momentum"": 0.4665866341459324, ""num_layers"": 2, ""weight_decay"": 0.0011048724927070512}"
bohb,lcbench,168329,9,143,2,3.0,-28.19976806640625,27.376388549804688,18813.98741030693,-32.5031852722168,"{""OpenML_task_id"": ""168329"", ""batch_size"": 18, ""learning_rate"": 0.025724054628416662, ""max_dropout"": 0.6510780432133697, ""max_units"": 738, ""momentum"": 0.4665866341459324, ""num_layers"": 2, ""weight_decay"": 0.0011048724927070512}"
bohb,lcbench,168329,9,143,3,9.0,-29.542491912841797,69.66789245605469,18883.655302762985,-32.5031852722168,"{""OpenML_task_id"": ""168329"", ""batch_size"": 18, ""learning_rate"": 0.025724054628416662, ""max_dropout"": 0.6510780432133697, ""max_units"": 738, ""momentum"": 0.4665866341459324, ""num_layers"": 2, ""weight_decay"": 0.0011048724927070512}"
bohb,lcbench,168329,9,143,4,27.0,-29.24083137512207,160.66546630859375,19044.32076907158,-32.5031852722168,"{""OpenML_task_id"": ""168329"", ""batch_size"": 18, ""learning_rate"": 0.025724054628416662, ""max_dropout"": 0.6510780432133697, ""max_units"": 738, ""momentum"": 0.4665866341459324, ""num_layers"": 2, ""weight_decay"": 0.0011048724927070512}"
bohb,lcbench,168329,9,144,1,1.0,0.5321686267852783,1.6037832498550415,19045.924552321434,-32.5031852722168,"{""OpenML_task_id"": ""168329"", ""batch_size"": 214, ""learning_rate"": 0.02843550285495615, ""max_dropout"": 0.5460813762883762, ""max_units"": 86, ""momentum"": 0.7993000704245136, ""num_layers"": 5, ""weight_decay"": 0.06571229579945063}"
bohb,lcbench,168329,9,145,1,1.0,-0.06768691539764404,13.749622344970703,19059.674174666405,-32.5031852722168,"{""OpenML_task_id"": ""168329"", ""batch_size"": 18, ""learning_rate"": 0.02535998946895765, ""max_dropout"": 0.6506561330888843, ""max_units"": 738, ""momentum"": 0.48479063899736374, ""num_layers"": 2, ""weight_decay"": 0.0008302406866582177}"
bohb,lcbench,168329,9,145,2,3.0,-28.360273361206055,28.5045166015625,19088.178691267967,-32.5031852722168,"{""OpenML_task_id"": ""168329"", ""batch_size"": 18, ""learning_rate"": 0.02535998946895765, ""max_dropout"": 0.6506561330888843, ""max_units"": 738, ""momentum"": 0.48479063899736374, ""num_layers"": 2, ""weight_decay"": 0.0008302406866582177}"
bohb,lcbench,168329,9,145,3,9.0,-30.000869750976562,72.62556457519531,19160.804255843163,-32.5031852722168,"{""OpenML_task_id"": ""168329"", ""batch_size"": 18, ""learning_rate"": 0.02535998946895765, ""max_dropout"": 0.6506561330888843, ""max_units"": 738, ""momentum"": 0.48479063899736374, ""num_layers"": 2, ""weight_decay"": 0.0008302406866582177}"
bohb,lcbench,168329,9,145,4,27.0,-29.484407424926758,165.15426635742188,19325.958522200584,-32.5031852722168,"{""OpenML_task_id"": ""168329"", ""batch_size"": 18, ""learning_rate"": 0.02535998946895765, ""max_dropout"": 0.6506561330888843, ""max_units"": 738, ""momentum"": 0.48479063899736374, ""num_layers"": 2, ""weight_decay"": 0.0008302406866582177}"
bohb,lcbench,168329,9,146,1,1.0,0.3399474024772644,6.823286533355713,19332.78180873394,-32.5031852722168,"{""OpenML_task_id"": ""168329"", ""batch_size"": 68, ""learning_rate"": 0.0003397626496746436, ""max_dropout"": 0.8359202031145477, ""max_units"": 251, ""momentum"": 0.8936907681606032, ""num_layers"": 5, ""weight_decay"": 0.011880513892174432}"
bohb,lcbench,168329,9,147,1,1.0,-0.17969560623168945,14.27812671661377,19347.059935450554,-32.5031852722168,"{""OpenML_task_id"": ""168329"", ""batch_size"": 18, ""learning_rate"": 0.00937161500197041, ""max_dropout"": 0.6472238089485529, ""max_units"": 738, ""momentum"": 0.5177959309077175, ""num_layers"": 2, ""weight_decay"": 0.0009462476241729532}"
bohb,lcbench,168329,9,147,2,3.0,-27.886510848999023,30.189037322998047,19377.248972773552,-32.5031852722168,"{""OpenML_task_id"": ""168329"", ""batch_size"": 18, ""learning_rate"": 0.00937161500197041, ""max_dropout"": 0.6472238089485529, ""max_units"": 738, ""momentum"": 0.5177959309077175, ""num_layers"": 2, ""weight_decay"": 0.0009462476241729532}"
bohb,lcbench,168329,9,147,3,9.0,-31.14278793334961,76.98607635498047,19454.235049128532,-32.5031852722168,"{""OpenML_task_id"": ""168329"", ""batch_size"": 18, ""learning_rate"": 0.00937161500197041, ""max_dropout"": 0.6472238089485529, ""max_units"": 738, ""momentum"": 0.5177959309077175, ""num_layers"": 2, ""weight_decay"": 0.0009462476241729532}"
bohb,lcbench,168329,9,147,4,27.0,-30.94165802001953,171.42518615722656,19625.66023528576,-32.5031852722168,"{""OpenML_task_id"": ""168329"", ""batch_size"": 18, ""learning_rate"": 0.00937161500197041, ""max_dropout"": 0.6472238089485529, ""max_units"": 738, ""momentum"": 0.5177959309077175, ""num_layers"": 2, ""weight_decay"": 0.0009462476241729532}"
bohb,lcbench,168329,9,147,5,52.0,-31.188556671142578,291.6871337890625,19917.34736907482,-32.5031852722168,"{""OpenML_task_id"": ""168329"", ""batch_size"": 18, ""learning_rate"": 0.00937161500197041, ""max_dropout"": 0.6472238089485529, ""max_units"": 738, ""momentum"": 0.5177959309077175, ""num_layers"": 2, ""weight_decay"": 0.0009462476241729532}"
bohb,lcbench,168329,9,148,1,1.0,0.3997896909713745,10.072402954101562,19927.419772028923,-32.5031852722168,"{""OpenML_task_id"": ""168329"", ""batch_size"": 317, ""learning_rate"": 0.0005874715063086946, ""max_dropout"": 0.03781900097792279, ""max_units"": 372, ""momentum"": 0.5811028372140588, ""num_layers"": 5, ""weight_decay"": 0.029804272644225326}"
bohb,lcbench,168329,9,149,1,1.0,-0.3894089460372925,15.540122032165527,19942.95989406109,-32.5031852722168,"{""OpenML_task_id"": ""168329"", ""batch_size"": 18, ""learning_rate"": 0.0028794166580965496, ""max_dropout"": 0.7977448240693465, ""max_units"": 738, ""momentum"": 0.6020089637664436, ""num_layers"": 2, ""weight_decay"": 0.0006704593574170574}"
bohb,lcbench,168329,9,149,2,3.0,-24.423887252807617,32.71720886230469,19975.677102923393,-32.5031852722168,"{""OpenML_task_id"": ""168329"", ""batch_size"": 18, ""learning_rate"": 0.0028794166580965496, ""max_dropout"": 0.7977448240693465, ""max_units"": 738, ""momentum"": 0.6020089637664436, ""num_layers"": 2, ""weight_decay"": 0.0006704593574170574}"
bohb,lcbench,168329,9,150,1,1.0,-0.02608358860015869,13.728704452514648,19989.405807375908,-32.5031852722168,"{""OpenML_task_id"": ""168329"", ""batch_size"": 24, ""learning_rate"": 0.04156185325031289, ""max_dropout"": 0.2948584889063636, ""max_units"": 662, ""momentum"": 0.5429610574127144, ""num_layers"": 2, ""weight_decay"": 0.0006073763363434217}"
bohb,lcbench,168329,9,150,2,3.0,-28.5267276763916,28.36227798461914,20017.768085360527,-32.5031852722168,"{""OpenML_task_id"": ""168329"", ""batch_size"": 24, ""learning_rate"": 0.04156185325031289, ""max_dropout"": 0.2948584889063636, ""max_units"": 662, ""momentum"": 0.5429610574127144, ""num_layers"": 2, ""weight_decay"": 0.0006073763363434217}"
bohb,lcbench,168329,9,150,3,9.0,-29.731529235839844,70.60218811035156,20088.37027347088,-32.5031852722168,"{""OpenML_task_id"": ""168329"", ""batch_size"": 24, ""learning_rate"": 0.04156185325031289, ""max_dropout"": 0.2948584889063636, ""max_units"": 662, ""momentum"": 0.5429610574127144, ""num_layers"": 2, ""weight_decay"": 0.0006073763363434217}"
bohb,lcbench,168329,9,150,4,27.0,-30.495729446411133,163.39443969726562,20251.764713168144,-32.5031852722168,"{""OpenML_task_id"": ""168329"", ""batch_size"": 24, ""learning_rate"": 0.04156185325031289, ""max_dropout"": 0.2948584889063636, ""max_units"": 662, ""momentum"": 0.5429610574127144, ""num_layers"": 2, ""weight_decay"": 0.0006073763363434217}"
bohb,lcbench,168329,9,150,5,52.0,-31.351787567138672,290.07373046875,20541.838443636894,-32.5031852722168,"{""OpenML_task_id"": ""168329"", ""batch_size"": 24, ""learning_rate"": 0.04156185325031289, ""max_dropout"": 0.2948584889063636, ""max_units"": 662, ""momentum"": 0.5429610574127144, ""num_layers"": 2, ""weight_decay"": 0.0006073763363434217}"
bohb,lcbench,168329,9,151,1,1.0,-0.267409086227417,22.564071655273438,20564.402515292168,-32.5031852722168,"{""OpenML_task_id"": ""168329"", ""batch_size"": 18, ""learning_rate"": 0.032209225169934005, ""max_dropout"": 0.466249956049324, ""max_units"": 738, ""momentum"": 0.47791833506265413, ""num_layers"": 2, ""weight_decay"": 6.0997586195776015e-05}"
bohb,lcbench,168329,9,151,2,3.0,-27.972312927246094,40.668479919433594,20605.0709952116,-32.5031852722168,"{""OpenML_task_id"": ""168329"", ""batch_size"": 18, ""learning_rate"": 0.032209225169934005, ""max_dropout"": 0.466249956049324, ""max_units"": 738, ""momentum"": 0.47791833506265413, ""num_layers"": 2, ""weight_decay"": 6.0997586195776015e-05}"
bohb,lcbench,168329,9,151,3,9.0,-32.021156311035156,93.43246459960938,20698.50345981121,-32.5031852722168,"{""OpenML_task_id"": ""168329"", ""batch_size"": 18, ""learning_rate"": 0.032209225169934005, ""max_dropout"": 0.466249956049324, ""max_units"": 738, ""momentum"": 0.47791833506265413, ""num_layers"": 2, ""weight_decay"": 6.0997586195776015e-05}"
bohb,lcbench,168329,9,151,4,27.0,-32.1338996887207,223.7666473388672,20922.270107150078,-32.5031852722168,"{""OpenML_task_id"": ""168329"", ""batch_size"": 18, ""learning_rate"": 0.032209225169934005, ""max_dropout"": 0.466249956049324, ""max_units"": 738, ""momentum"": 0.47791833506265413, ""num_layers"": 2, ""weight_decay"": 6.0997586195776015e-05}"
bohb,lcbench,168329,9,151,5,52.0,-32.40186309814453,392.5924377441406,21314.86254489422,-32.5031852722168,"{""OpenML_task_id"": ""168329"", ""batch_size"": 18, ""learning_rate"": 0.032209225169934005, ""max_dropout"": 0.466249956049324, ""max_units"": 738, ""momentum"": 0.47791833506265413, ""num_layers"": 2, ""weight_decay"": 6.0997586195776015e-05}"
bohb,lcbench,168329,9,152,1,1.0,-0.22008585929870605,13.389848709106445,21328.252393603325,-32.5031852722168,"{""OpenML_task_id"": ""168329"", ""batch_size"": 18, ""learning_rate"": 0.021020630150764042, ""max_dropout"": 0.21944446027686182, ""max_units"": 738, ""momentum"": 0.5290064771608679, ""num_layers"": 2, ""weight_decay"": 0.0012277834141875181}"
bohb,lcbench,168329,9,152,2,3.0,-29.927459716796875,30.01333236694336,21358.26572597027,-32.5031852722168,"{""OpenML_task_id"": ""168329"", ""batch_size"": 18, ""learning_rate"": 0.021020630150764042, ""max_dropout"": 0.21944446027686182, ""max_units"": 738, ""momentum"": 0.5290064771608679, ""num_layers"": 2, ""weight_decay"": 0.0012277834141875181}"
bohb,lcbench,168329,9,152,3,9.0,-31.45983123779297,77.0125732421875,21435.278299212456,-32.5031852722168,"{""OpenML_task_id"": ""168329"", ""batch_size"": 18, ""learning_rate"": 0.021020630150764042, ""max_dropout"": 0.21944446027686182, ""max_units"": 738, ""momentum"": 0.5290064771608679, ""num_layers"": 2, ""weight_decay"": 0.0012277834141875181}"
bohb,lcbench,168329,9,152,4,27.0,-31.13641357421875,175.28787231445312,21610.56617152691,-32.5031852722168,"{""OpenML_task_id"": ""168329"", ""batch_size"": 18, ""learning_rate"": 0.021020630150764042, ""max_dropout"": 0.21944446027686182, ""max_units"": 738, ""momentum"": 0.5290064771608679, ""num_layers"": 2, ""weight_decay"": 0.0012277834141875181}"
bohb,lcbench,168329,9,152,5,52.0,-32.05543899536133,303.435546875,21914.00171840191,-32.5031852722168,"{""OpenML_task_id"": ""168329"", ""batch_size"": 18, ""learning_rate"": 0.021020630150764042, ""max_dropout"": 0.21944446027686182, ""max_units"": 738, ""momentum"": 0.5290064771608679, ""num_layers"": 2, ""weight_decay"": 0.0012277834141875181}"
bohb,lcbench,168329,9,153,1,1.0,0.08397471904754639,3.7889187335968018,21917.790637135506,-32.5031852722168,"{""OpenML_task_id"": ""168329"", ""batch_size"": 20, ""learning_rate"": 0.005414446253607556, ""max_dropout"": 0.23195079009215114, ""max_units"": 109, ""momentum"": 0.2143549021601905, ""num_layers"": 4, ""weight_decay"": 0.09016723166803678}"
bohb,lcbench,168329,9,154,1,1.0,-0.06528866291046143,12.742814064025879,21930.53345119953,-32.5031852722168,"{""OpenML_task_id"": ""168329"", ""batch_size"": 18, ""learning_rate"": 0.02845881204421468, ""max_dropout"": 0.3439147597950085, ""max_units"": 738, ""momentum"": 0.5357370328375555, ""num_layers"": 2, ""weight_decay"": 0.0014854637262090287}"
bohb,lcbench,168329,9,154,2,3.0,-29.021867752075195,27.832378387451172,21958.365829586983,-32.5031852722168,"{""OpenML_task_id"": ""168329"", ""batch_size"": 18, ""learning_rate"": 0.02845881204421468, ""max_dropout"": 0.3439147597950085, ""max_units"": 738, ""momentum"": 0.5357370328375555, ""num_layers"": 2, ""weight_decay"": 0.0014854637262090287}"
bohb,lcbench,168329,9,154,3,9.0,-29.911418914794922,71.0693359375,22029.435165524483,-32.5031852722168,"{""OpenML_task_id"": ""168329"", ""batch_size"": 18, ""learning_rate"": 0.02845881204421468, ""max_dropout"": 0.3439147597950085, ""max_units"": 738, ""momentum"": 0.5357370328375555, ""num_layers"": 2, ""weight_decay"": 0.0014854637262090287}"
bohb,lcbench,168329,9,154,4,27.0,-30.153146743774414,163.86856079101562,22193.3037263155,-32.5031852722168,"{""OpenML_task_id"": ""168329"", ""batch_size"": 18, ""learning_rate"": 0.02845881204421468, ""max_dropout"": 0.3439147597950085, ""max_units"": 738, ""momentum"": 0.5357370328375555, ""num_layers"": 2, ""weight_decay"": 0.0014854637262090287}"
bohb,lcbench,168329,9,154,5,52.0,-31.115150451660156,287.26947021484375,22480.573196530342,-32.5031852722168,"{""OpenML_task_id"": ""168329"", ""batch_size"": 18, ""learning_rate"": 0.02845881204421468, ""max_dropout"": 0.3439147597950085, ""max_units"": 738, ""momentum"": 0.5357370328375555, ""num_layers"": 2, ""weight_decay"": 0.0014854637262090287}"
bohb,lcbench,168329,9,155,1,1.0,0.14557921886444092,5.324230670928955,22485.89742720127,-32.5031852722168,"{""OpenML_task_id"": ""168329"", ""batch_size"": 50, ""learning_rate"": 0.000513318346553838, ""max_dropout"": 0.36827214034601985, ""max_units"": 295, ""momentum"": 0.474320239102191, ""num_layers"": 1, ""weight_decay"": 0.09854478232252684}"
bohb,lcbench,168329,9,156,1,1.0,-0.07330596446990967,10.365242004394531,22496.262669205666,-32.5031852722168,"{""OpenML_task_id"": ""168329"", ""batch_size"": 20, ""learning_rate"": 0.0053420083848090645, ""max_dropout"": 0.21263345452606924, ""max_units"": 168, ""momentum"": 0.1766104402881838, ""num_layers"": 4, ""weight_decay"": 0.0006021435440641778}"
bohb,lcbench,168329,9,156,2,3.0,-4.409053325653076,28.34833526611328,22524.61100447178,-32.5031852722168,"{""OpenML_task_id"": ""168329"", ""batch_size"": 20, ""learning_rate"": 0.0053420083848090645, ""max_dropout"": 0.21263345452606924, ""max_units"": 168, ""momentum"": 0.1766104402881838, ""num_layers"": 4, ""weight_decay"": 0.0006021435440641778}"
bohb,lcbench,168329,9,157,1,1.0,-0.10892987251281738,13.631092071533203,22538.242096543312,-32.5031852722168,"{""OpenML_task_id"": ""168329"", ""batch_size"": 18, ""learning_rate"": 0.0319263635045898, ""max_dropout"": 0.2497404612662077, ""max_units"": 738, ""momentum"": 0.5488298147209254, ""num_layers"": 2, ""weight_decay"": 0.0009665170293057349}"
bohb,lcbench,168329,9,157,2,3.0,-29.439727783203125,29.569889068603516,22567.811985611916,-32.5031852722168,"{""OpenML_task_id"": ""168329"", ""batch_size"": 18, ""learning_rate"": 0.0319263635045898, ""max_dropout"": 0.2497404612662077, ""max_units"": 738, ""momentum"": 0.5488298147209254, ""num_layers"": 2, ""weight_decay"": 0.0009665170293057349}"
bohb,lcbench,168329,9,157,3,9.0,-30.309276580810547,76.22051239013672,22644.032498002052,-32.5031852722168,"{""OpenML_task_id"": ""168329"", ""batch_size"": 18, ""learning_rate"": 0.0319263635045898, ""max_dropout"": 0.2497404612662077, ""max_units"": 738, ""momentum"": 0.5488298147209254, ""num_layers"": 2, ""weight_decay"": 0.0009665170293057349}"
bohb,lcbench,168329,9,157,4,27.0,-30.544065475463867,174.20297241210938,22818.23547041416,-32.5031852722168,"{""OpenML_task_id"": ""168329"", ""batch_size"": 18, ""learning_rate"": 0.0319263635045898, ""max_dropout"": 0.2497404612662077, ""max_units"": 738, ""momentum"": 0.5488298147209254, ""num_layers"": 2, ""weight_decay"": 0.0009665170293057349}"
bohb,lcbench,168329,9,157,5,52.0,-31.41781997680664,305.7280578613281,23123.96352827549,-32.5031852722168,"{""OpenML_task_id"": ""168329"", ""batch_size"": 18, ""learning_rate"": 0.0319263635045898, ""max_dropout"": 0.2497404612662077, ""max_units"": 738, ""momentum"": 0.5488298147209254, ""num_layers"": 2, ""weight_decay"": 0.0009665170293057349}"
bohb,lcbench,168329,9,158,1,1.0,-0.045136451721191406,13.024497032165527,23136.988025307655,-32.5031852722168,"{""OpenML_task_id"": ""168329"", ""batch_size"": 18, ""learning_rate"": 0.03685491132737411, ""max_dropout"": 0.284910700540292, ""max_units"": 738, ""momentum"": 0.5248183319396088, ""num_layers"": 2, ""weight_decay"": 0.0011726960962947165}"
bohb,lcbench,168329,9,158,2,3.0,-29.096515655517578,28.387378692626953,23165.375404000282,-32.5031852722168,"{""OpenML_task_id"": ""168329"", ""batch_size"": 18, ""learning_rate"": 0.03685491132737411, ""max_dropout"": 0.284910700540292, ""max_units"": 738, ""momentum"": 0.5248183319396088, ""num_layers"": 2, ""weight_decay"": 0.0011726960962947165}"
bohb,lcbench,168329,9,158,3,9.0,-29.908588409423828,72.79290008544922,23238.16830408573,-32.5031852722168,"{""OpenML_task_id"": ""168329"", ""batch_size"": 18, ""learning_rate"": 0.03685491132737411, ""max_dropout"": 0.284910700540292, ""max_units"": 738, ""momentum"": 0.5248183319396088, ""num_layers"": 2, ""weight_decay"": 0.0011726960962947165}"
bohb,lcbench,168329,9,158,4,27.0,-30.27501678466797,169.3711395263672,23407.5394436121,-32.5031852722168,"{""OpenML_task_id"": ""168329"", ""batch_size"": 18, ""learning_rate"": 0.03685491132737411, ""max_dropout"": 0.284910700540292, ""max_units"": 738, ""momentum"": 0.5248183319396088, ""num_layers"": 2, ""weight_decay"": 0.0011726960962947165}"
bohb,lcbench,168329,9,158,5,52.0,-31.171615600585938,296.9136047363281,23704.453048348427,-32.5031852722168,"{""OpenML_task_id"": ""168329"", ""batch_size"": 18, ""learning_rate"": 0.03685491132737411, ""max_dropout"": 0.284910700540292, ""max_units"": 738, ""momentum"": 0.5248183319396088, ""num_layers"": 2, ""weight_decay"": 0.0011726960962947165}"
bohb,lcbench,168329,9,159,1,1.0,-0.17613911628723145,15.286328315734863,23719.73937666416,-32.5031852722168,"{""OpenML_task_id"": ""168329"", ""batch_size"": 18, ""learning_rate"": 0.022477915222021496, ""max_dropout"": 0.44146451477140275, ""max_units"": 738, ""momentum"": 0.5213032088305394, ""num_layers"": 2, ""weight_decay"": 0.000562251841918639}"
bohb,lcbench,168329,9,159,2,3.0,-29.426319122314453,31.630916595458984,23751.37029325962,-32.5031852722168,"{""OpenML_task_id"": ""168329"", ""batch_size"": 18, ""learning_rate"": 0.022477915222021496, ""max_dropout"": 0.44146451477140275, ""max_units"": 738, ""momentum"": 0.5213032088305394, ""num_layers"": 2, ""weight_decay"": 0.000562251841918639}"
bohb,lcbench,168329,9,159,3,9.0,-31.1849365234375,78.82817077636719,23830.198464035988,-32.5031852722168,"{""OpenML_task_id"": ""168329"", ""batch_size"": 18, ""learning_rate"": 0.022477915222021496, ""max_dropout"": 0.44146451477140275, ""max_units"": 738, ""momentum"": 0.5213032088305394, ""num_layers"": 2, ""weight_decay"": 0.000562251841918639}"
bohb,lcbench,168329,9,159,4,27.0,-30.681058883666992,176.36300659179688,24006.561470627785,-32.5031852722168,"{""OpenML_task_id"": ""168329"", ""batch_size"": 18, ""learning_rate"": 0.022477915222021496, ""max_dropout"": 0.44146451477140275, ""max_units"": 738, ""momentum"": 0.5213032088305394, ""num_layers"": 2, ""weight_decay"": 0.000562251841918639}"
bohb,lcbench,168329,9,159,5,52.0,-31.500038146972656,304.3070983886719,24310.868569016457,-32.5031852722168,"{""OpenML_task_id"": ""168329"", ""batch_size"": 18, ""learning_rate"": 0.022477915222021496, ""max_dropout"": 0.44146451477140275, ""max_units"": 738, ""momentum"": 0.5213032088305394, ""num_layers"": 2, ""weight_decay"": 0.000562251841918639}"
bohb,lcbench,168329,9,160,1,1.0,0.12636929750442505,4.735764026641846,24315.6043330431,-32.5031852722168,"{""OpenML_task_id"": ""168329"", ""batch_size"": 188, ""learning_rate"": 0.00021541790668603544, ""max_dropout"": 0.7950672001162041, ""max_units"": 891, ""momentum"": 0.9560921133951377, ""num_layers"": 1, ""weight_decay"": 0.07686930307328002}"
bohb,lcbench,168329,9,161,1,1.0,0.0029273033142089844,11.60074234008789,24327.205075383186,-32.5031852722168,"{""OpenML_task_id"": ""168329"", ""batch_size"": 24, ""learning_rate"": 0.05001913034251247, ""max_dropout"": 0.21349486415202673, ""max_units"": 662, ""momentum"": 0.5798805338265103, ""num_layers"": 2, ""weight_decay"": 0.0013073223353890257}"
bohb,lcbench,168329,9,162,1,1.0,-0.05074310302734375,14.785713195800781,24341.990788578987,-32.5031852722168,"{""OpenML_task_id"": ""168329"", ""batch_size"": 18, ""learning_rate"": 0.028239886066463122, ""max_dropout"": 0.519524679239145, ""max_units"": 738, ""momentum"": 0.48648753750967144, ""num_layers"": 2, ""weight_decay"": 0.0006527508126996054}"
bohb,lcbench,168329,9,162,2,3.0,-28.901914596557617,30.066322326660156,24372.057110905647,-32.5031852722168,"{""OpenML_task_id"": ""168329"", ""batch_size"": 18, ""learning_rate"": 0.028239886066463122, ""max_dropout"": 0.519524679239145, ""max_units"": 738, ""momentum"": 0.48648753750967144, ""num_layers"": 2, ""weight_decay"": 0.0006527508126996054}"
bohb,lcbench,168329,9,162,3,9.0,-30.46954917907715,76.56494903564453,24448.62205994129,-32.5031852722168,"{""OpenML_task_id"": ""168329"", ""batch_size"": 18, ""learning_rate"": 0.028239886066463122, ""max_dropout"": 0.519524679239145, ""max_units"": 738, ""momentum"": 0.48648753750967144, ""num_layers"": 2, ""weight_decay"": 0.0006527508126996054}"
bohb,lcbench,168329,9,162,4,27.0,-30.29787254333496,170.13531494140625,24618.757374882698,-32.5031852722168,"{""OpenML_task_id"": ""168329"", ""batch_size"": 18, ""learning_rate"": 0.028239886066463122, ""max_dropout"": 0.519524679239145, ""max_units"": 738, ""momentum"": 0.48648753750967144, ""num_layers"": 2, ""weight_decay"": 0.0006527508126996054}"
bohb,lcbench,168329,9,162,5,52.0,-31.005691528320312,295.4912414550781,24914.248616337776,-32.5031852722168,"{""OpenML_task_id"": ""168329"", ""batch_size"": 18, ""learning_rate"": 0.028239886066463122, ""max_dropout"": 0.519524679239145, ""max_units"": 738, ""momentum"": 0.48648753750967144, ""num_layers"": 2, ""weight_decay"": 0.0006527508126996054}"
bohb,lcbench,168329,9,163,1,1.0,-0.2829580307006836,15.145486831665039,24929.39410316944,-32.5031852722168,"{""OpenML_task_id"": ""168329"", ""batch_size"": 18, ""learning_rate"": 0.00862177683027691, ""max_dropout"": 0.5397544246377186, ""max_units"": 738, ""momentum"": 0.5282629058458181, ""num_layers"": 2, ""weight_decay"": 0.0006951820656103191}"
bohb,lcbench,168329,9,163,2,3.0,-28.2188777923584,32.16918182373047,24961.56328499317,-32.5031852722168,"{""OpenML_task_id"": ""168329"", ""batch_size"": 18, ""learning_rate"": 0.00862177683027691, ""max_dropout"": 0.5397544246377186, ""max_units"": 738, ""momentum"": 0.5282629058458181, ""num_layers"": 2, ""weight_decay"": 0.0006951820656103191}"
bohb,lcbench,168329,9,163,3,9.0,-31.72939682006836,79.9897689819336,25041.553053975105,-32.5031852722168,"{""OpenML_task_id"": ""168329"", ""batch_size"": 18, ""learning_rate"": 0.00862177683027691, ""max_dropout"": 0.5397544246377186, ""max_units"": 738, ""momentum"": 0.5282629058458181, ""num_layers"": 2, ""weight_decay"": 0.0006951820656103191}"
bohb,lcbench,168329,9,163,4,27.0,-31.73769760131836,180.4446258544922,25221.997679829597,-32.5031852722168,"{""OpenML_task_id"": ""168329"", ""batch_size"": 18, ""learning_rate"": 0.00862177683027691, ""max_dropout"": 0.5397544246377186, ""max_units"": 738, ""momentum"": 0.5282629058458181, ""num_layers"": 2, ""weight_decay"": 0.0006951820656103191}"
bohb,lcbench,168329,9,163,5,52.0,-31.8211669921875,309.7664489746094,25531.764128804207,-32.5031852722168,"{""OpenML_task_id"": ""168329"", ""batch_size"": 18, ""learning_rate"": 0.00862177683027691, ""max_dropout"": 0.5397544246377186, ""max_units"": 738, ""momentum"": 0.5282629058458181, ""num_layers"": 2, ""weight_decay"": 0.0006951820656103191}"
bohb,lcbench,168329,9,164,1,1.0,0.21130472421646118,6.449568271636963,25538.213697075844,-32.5031852722168,"{""OpenML_task_id"": ""168329"", ""batch_size"": 44, ""learning_rate"": 0.0006825607423201448, ""max_dropout"": 0.6500901701236417, ""max_units"": 1005, ""momentum"": 0.15845303611317935, ""num_layers"": 1, ""weight_decay"": 0.012167721041385839}"
bohb,lcbench,168329,9,165,1,1.0,-0.12022674083709717,13.331280708312988,25551.544977784157,-32.5031852722168,"{""OpenML_task_id"": ""168329"", ""batch_size"": 18, ""learning_rate"": 0.028841373195457518, ""max_dropout"": 0.21528973677317834, ""max_units"": 738, ""momentum"": 0.5425240558528762, ""num_layers"": 2, ""weight_decay"": 0.0012088966281674422}"
bohb,lcbench,168329,9,165,2,3.0,-29.633329391479492,29.240795135498047,25580.785772919655,-32.5031852722168,"{""OpenML_task_id"": ""168329"", ""batch_size"": 18, ""learning_rate"": 0.028841373195457518, ""max_dropout"": 0.21528973677317834, ""max_units"": 738, ""momentum"": 0.5425240558528762, ""num_layers"": 2, ""weight_decay"": 0.0012088966281674422}"
bohb,lcbench,168329,9,165,3,9.0,-30.547555923461914,75.29179382324219,25656.077566742897,-32.5031852722168,"{""OpenML_task_id"": ""168329"", ""batch_size"": 18, ""learning_rate"": 0.028841373195457518, ""max_dropout"": 0.21528973677317834, ""max_units"": 738, ""momentum"": 0.5425240558528762, ""num_layers"": 2, ""weight_decay"": 0.0012088966281674422}"
bohb,lcbench,168329,9,165,4,27.0,-30.6546630859375,173.26171875,25829.339285492897,-32.5031852722168,"{""OpenML_task_id"": ""168329"", ""batch_size"": 18, ""learning_rate"": 0.028841373195457518, ""max_dropout"": 0.21528973677317834, ""max_units"": 738, ""momentum"": 0.5425240558528762, ""num_layers"": 2, ""weight_decay"": 0.0012088966281674422}"
bohb,lcbench,168329,9,165,5,52.0,-31.52806854248047,302.3464660644531,26131.68575155735,-32.5031852722168,"{""OpenML_task_id"": ""168329"", ""batch_size"": 18, ""learning_rate"": 0.028841373195457518, ""max_dropout"": 0.21528973677317834, ""max_units"": 738, ""momentum"": 0.5425240558528762, ""num_layers"": 2, ""weight_decay"": 0.0012088966281674422}"
bohb,lcbench,168329,9,166,1,1.0,0.46549659967422485,2.677525520324707,26134.363277077675,-32.5031852722168,"{""OpenML_task_id"": ""168329"", ""batch_size"": 72, ""learning_rate"": 0.018861994821564736, ""max_dropout"": 0.04913361300905272, ""max_units"": 135, ""momentum"": 0.5359615763541854, ""num_layers"": 5, ""weight_decay"": 0.08714921376874277}"
bohb,lcbench,168329,9,167,1,1.0,0.06534993648529053,5.315864086151123,26139.679141163826,-32.5031852722168,"{""OpenML_task_id"": ""168329"", ""batch_size"": 75, ""learning_rate"": 0.027259205577777043, ""max_dropout"": 0.8560366925900225, ""max_units"": 126, ""momentum"": 0.3343796766984394, ""num_layers"": 1, ""weight_decay"": 0.004467168124850618}"
bohb,lcbench,168329,9,168,1,1.0,-0.11809420585632324,13.444232940673828,26153.1233741045,-32.5031852722168,"{""OpenML_task_id"": ""168329"", ""batch_size"": 18, ""learning_rate"": 0.03947548710349236, ""max_dropout"": 0.13324331864685146, ""max_units"": 738, ""momentum"": 0.5137311994519226, ""num_layers"": 2, ""weight_decay"": 0.0009953309530104566}"
bohb,lcbench,168329,9,168,2,3.0,-29.67589569091797,29.774879455566406,26182.898253560066,-32.5031852722168,"{""OpenML_task_id"": ""168329"", ""batch_size"": 18, ""learning_rate"": 0.03947548710349236, ""max_dropout"": 0.13324331864685146, ""max_units"": 738, ""momentum"": 0.5137311994519226, ""num_layers"": 2, ""weight_decay"": 0.0009953309530104566}"
bohb,lcbench,168329,9,168,3,9.0,-30.30760383605957,77.32911682128906,26260.227370381355,-32.5031852722168,"{""OpenML_task_id"": ""168329"", ""batch_size"": 18, ""learning_rate"": 0.03947548710349236, ""max_dropout"": 0.13324331864685146, ""max_units"": 738, ""momentum"": 0.5137311994519226, ""num_layers"": 2, ""weight_decay"": 0.0009953309530104566}"
bohb,lcbench,168329,9,168,4,27.0,-30.62557601928711,178.97764587402344,26439.20501625538,-32.5031852722168,"{""OpenML_task_id"": ""168329"", ""batch_size"": 18, ""learning_rate"": 0.03947548710349236, ""max_dropout"": 0.13324331864685146, ""max_units"": 738, ""momentum"": 0.5137311994519226, ""num_layers"": 2, ""weight_decay"": 0.0009953309530104566}"
bohb,lcbench,168329,9,168,5,52.0,-31.31472396850586,313.71697998046875,26752.921996235847,-32.5031852722168,"{""OpenML_task_id"": ""168329"", ""batch_size"": 18, ""learning_rate"": 0.03947548710349236, ""max_dropout"": 0.13324331864685146, ""max_units"": 738, ""momentum"": 0.5137311994519226, ""num_layers"": 2, ""weight_decay"": 0.0009953309530104566}"
bohb,lcbench,168329,9,169,1,1.0,-0.25816023349761963,14.209796905517578,26767.131793141365,-32.5031852722168,"{""OpenML_task_id"": ""168329"", ""batch_size"": 18, ""learning_rate"": 0.007610114309597228, ""max_dropout"": 0.54876925767197, ""max_units"": 738, ""momentum"": 0.546951226023308, ""num_layers"": 2, ""weight_decay"": 0.001039637243325118}"
bohb,lcbench,168329,9,169,2,3.0,-27.995365142822266,30.710567474365234,26797.84236061573,-32.5031852722168,"{""OpenML_task_id"": ""168329"", ""batch_size"": 18, ""learning_rate"": 0.007610114309597228, ""max_dropout"": 0.54876925767197, ""max_units"": 738, ""momentum"": 0.546951226023308, ""num_layers"": 2, ""weight_decay"": 0.001039637243325118}"
bohb,lcbench,168329,9,169,3,9.0,-31.47258758544922,77.44764709472656,26875.290007710457,-32.5031852722168,"{""OpenML_task_id"": ""168329"", ""batch_size"": 18, ""learning_rate"": 0.007610114309597228, ""max_dropout"": 0.54876925767197, ""max_units"": 738, ""momentum"": 0.546951226023308, ""num_layers"": 2, ""weight_decay"": 0.001039637243325118}"
bohb,lcbench,168329,9,169,4,27.0,-31.349876403808594,174.17787170410156,27049.46787941456,-32.5031852722168,"{""OpenML_task_id"": ""168329"", ""batch_size"": 18, ""learning_rate"": 0.007610114309597228, ""max_dropout"": 0.54876925767197, ""max_units"": 738, ""momentum"": 0.546951226023308, ""num_layers"": 2, ""weight_decay"": 0.001039637243325118}"
bohb,lcbench,168329,9,169,5,52.0,-31.802330017089844,297.3779602050781,27346.845839619637,-32.5031852722168,"{""OpenML_task_id"": ""168329"", ""batch_size"": 18, ""learning_rate"": 0.007610114309597228, ""max_dropout"": 0.54876925767197, ""max_units"": 738, ""momentum"": 0.546951226023308, ""num_layers"": 2, ""weight_decay"": 0.001039637243325118}"
bohb,lcbench,168329,9,170,1,1.0,-0.2519052028656006,13.986681938171387,27360.832521557808,-32.5031852722168,"{""OpenML_task_id"": ""168329"", ""batch_size"": 18, ""learning_rate"": 0.027491999625010116, ""max_dropout"": 0.11855979505554853, ""max_units"": 738, ""momentum"": 0.5343813452190039, ""num_layers"": 2, ""weight_decay"": 0.0009178008345128249}"
bohb,lcbench,168329,9,170,2,3.0,-30.065032958984375,31.144248962402344,27391.97677052021,-32.5031852722168,"{""OpenML_task_id"": ""168329"", ""batch_size"": 18, ""learning_rate"": 0.027491999625010116, ""max_dropout"": 0.11855979505554853, ""max_units"": 738, ""momentum"": 0.5343813452190039, ""num_layers"": 2, ""weight_decay"": 0.0009178008345128249}"
bohb,lcbench,168329,9,170,3,9.0,-31.132980346679688,80.20869445800781,27472.185464978218,-32.5031852722168,"{""OpenML_task_id"": ""168329"", ""batch_size"": 18, ""learning_rate"": 0.027491999625010116, ""max_dropout"": 0.11855979505554853, ""max_units"": 738, ""momentum"": 0.5343813452190039, ""num_layers"": 2, ""weight_decay"": 0.0009178008345128249}"
bohb,lcbench,168329,9,170,4,27.0,-31.029632568359375,181.91439819335938,27654.099863171577,-32.5031852722168,"{""OpenML_task_id"": ""168329"", ""batch_size"": 18, ""learning_rate"": 0.027491999625010116, ""max_dropout"": 0.11855979505554853, ""max_units"": 738, ""momentum"": 0.5343813452190039, ""num_layers"": 2, ""weight_decay"": 0.0009178008345128249}"
bohb,lcbench,168329,9,170,5,52.0,-31.7418212890625,318.578125,27972.677988171577,-32.5031852722168,"{""OpenML_task_id"": ""168329"", ""batch_size"": 18, ""learning_rate"": 0.027491999625010116, ""max_dropout"": 0.11855979505554853, ""max_units"": 738, ""momentum"": 0.5343813452190039, ""num_layers"": 2, ""weight_decay"": 0.0009178008345128249}"
bohb,lcbench,168329,9,171,1,1.0,-0.21728479862213135,14.006204605102539,27986.68419277668,-32.5031852722168,"{""OpenML_task_id"": ""168329"", ""batch_size"": 18, ""learning_rate"": 0.034246813213859056, ""max_dropout"": 0.11031391263854196, ""max_units"": 738, ""momentum"": 0.49918436176481107, ""num_layers"": 2, ""weight_decay"": 0.0008541832532727731}"
bohb,lcbench,168329,9,171,2,3.0,-30.07392120361328,30.990856170654297,28017.675048947334,-32.5031852722168,"{""OpenML_task_id"": ""168329"", ""batch_size"": 18, ""learning_rate"": 0.034246813213859056, ""max_dropout"": 0.11031391263854196, ""max_units"": 738, ""momentum"": 0.49918436176481107, ""num_layers"": 2, ""weight_decay"": 0.0008541832532727731}"
bohb,lcbench,168329,9,171,3,9.0,-30.998794555664062,80.26866149902344,28097.943710446358,-32.5031852722168,"{""OpenML_task_id"": ""168329"", ""batch_size"": 18, ""learning_rate"": 0.034246813213859056, ""max_dropout"": 0.11031391263854196, ""max_units"": 738, ""momentum"": 0.49918436176481107, ""num_layers"": 2, ""weight_decay"": 0.0008541832532727731}"
bohb,lcbench,168329,9,171,4,27.0,-30.996902465820312,182.56561279296875,28280.509323239326,-32.5031852722168,"{""OpenML_task_id"": ""168329"", ""batch_size"": 18, ""learning_rate"": 0.034246813213859056, ""max_dropout"": 0.11031391263854196, ""max_units"": 738, ""momentum"": 0.49918436176481107, ""num_layers"": 2, ""weight_decay"": 0.0008541832532727731}"
bohb,lcbench,168329,9,171,5,52.0,-31.693706512451172,320.0590515136719,28600.568374753,-32.5031852722168,"{""OpenML_task_id"": ""168329"", ""batch_size"": 18, ""learning_rate"": 0.034246813213859056, ""max_dropout"": 0.11031391263854196, ""max_units"": 738, ""momentum"": 0.49918436176481107, ""num_layers"": 2, ""weight_decay"": 0.0008541832532727731}"
bohb,lcbench,168329,9,172,1,1.0,0.14768213033676147,4.060840606689453,28604.629215359688,-32.5031852722168,"{""OpenML_task_id"": ""168329"", ""batch_size"": 379, ""learning_rate"": 0.0021696030797251726, ""max_dropout"": 0.34383658367274517, ""max_units"": 701, ""momentum"": 0.3004322642796527, ""num_layers"": 1, ""weight_decay"": 0.08854278273272509}"
bohb,lcbench,168329,9,173,1,1.0,-0.40789592266082764,16.34054946899414,28620.969764828682,-32.5031852722168,"{""OpenML_task_id"": ""168329"", ""batch_size"": 18, ""learning_rate"": 0.003837061089040325, ""max_dropout"": 0.5404151100449645, ""max_units"": 738, ""momentum"": 0.5456354995302859, ""num_layers"": 2, ""weight_decay"": 0.0005454369425628031}"
bohb,lcbench,168329,9,173,2,3.0,-25.637094497680664,34.49934387207031,28655.469108700752,-32.5031852722168,"{""OpenML_task_id"": ""168329"", ""batch_size"": 18, ""learning_rate"": 0.003837061089040325, ""max_dropout"": 0.5404151100449645, ""max_units"": 738, ""momentum"": 0.5456354995302859, ""num_layers"": 2, ""weight_decay"": 0.0005454369425628031}"
bohb,lcbench,168329,9,174,1,1.0,-0.12020325660705566,13.526506423950195,28668.995615124702,-32.5031852722168,"{""OpenML_task_id"": ""168329"", ""batch_size"": 18, ""learning_rate"": 0.027288837068479205, ""max_dropout"": 0.25964729013434473, ""max_units"": 738, ""momentum"": 0.5687032074642354, ""num_layers"": 2, ""weight_decay"": 0.0010849678979314205}"
bohb,lcbench,168329,9,174,2,3.0,-29.474931716918945,29.40534210205078,28698.400957226753,-32.5031852722168,"{""OpenML_task_id"": ""168329"", ""batch_size"": 18, ""learning_rate"": 0.027288837068479205, ""max_dropout"": 0.25964729013434473, ""max_units"": 738, ""momentum"": 0.5687032074642354, ""num_layers"": 2, ""weight_decay"": 0.0010849678979314205}"
bohb,lcbench,168329,9,174,3,9.0,-30.425941467285156,75.58323669433594,28773.98419392109,-32.5031852722168,"{""OpenML_task_id"": ""168329"", ""batch_size"": 18, ""learning_rate"": 0.027288837068479205, ""max_dropout"": 0.25964729013434473, ""max_units"": 738, ""momentum"": 0.5687032074642354, ""num_layers"": 2, ""weight_decay"": 0.0010849678979314205}"
bohb,lcbench,168329,9,174,4,27.0,-30.537870407104492,172.67604064941406,28946.660234570503,-32.5031852722168,"{""OpenML_task_id"": ""168329"", ""batch_size"": 18, ""learning_rate"": 0.027288837068479205, ""max_dropout"": 0.25964729013434473, ""max_units"": 738, ""momentum"": 0.5687032074642354, ""num_layers"": 2, ""weight_decay"": 0.0010849678979314205}"
bohb,lcbench,168329,9,174,5,52.0,-31.44293212890625,302.8205871582031,29249.480821728706,-32.5031852722168,"{""OpenML_task_id"": ""168329"", ""batch_size"": 18, ""learning_rate"": 0.027288837068479205, ""max_dropout"": 0.25964729013434473, ""max_units"": 738, ""momentum"": 0.5687032074642354, ""num_layers"": 2, ""weight_decay"": 0.0010849678979314205}"
bohb,lcbench,168329,9,175,1,1.0,-0.21578121185302734,13.905802726745605,29263.386624455452,-32.5031852722168,"{""OpenML_task_id"": ""168329"", ""batch_size"": 18, ""learning_rate"": 0.02634004880323144, ""max_dropout"": 0.1687945027641719, ""max_units"": 738, ""momentum"": 0.5599935029963824, ""num_layers"": 2, ""weight_decay"": 0.000943312895468226}"
bohb,lcbench,168329,9,175,2,3.0,-29.864582061767578,30.711963653564453,29294.098588109016,-32.5031852722168,"{""OpenML_task_id"": ""168329"", ""batch_size"": 18, ""learning_rate"": 0.02634004880323144, ""max_dropout"": 0.1687945027641719, ""max_units"": 738, ""momentum"": 0.5599935029963824, ""num_layers"": 2, ""weight_decay"": 0.000943312895468226}"
bohb,lcbench,168329,9,175,3,9.0,-30.89398956298828,78.93415069580078,29373.032738804817,-32.5031852722168,"{""OpenML_task_id"": ""168329"", ""batch_size"": 18, ""learning_rate"": 0.02634004880323144, ""max_dropout"": 0.1687945027641719, ""max_units"": 738, ""momentum"": 0.5599935029963824, ""num_layers"": 2, ""weight_decay"": 0.000943312895468226}"
bohb,lcbench,168329,9,175,4,27.0,-30.863466262817383,179.11569213867188,29552.14843094349,-32.5031852722168,"{""OpenML_task_id"": ""168329"", ""batch_size"": 18, ""learning_rate"": 0.02634004880323144, ""max_dropout"": 0.1687945027641719, ""max_units"": 738, ""momentum"": 0.5599935029963824, ""num_layers"": 2, ""weight_decay"": 0.000943312895468226}"
bohb,lcbench,168329,9,175,5,52.0,-31.665470123291016,313.609619140625,29865.758050084114,-32.5031852722168,"{""OpenML_task_id"": ""168329"", ""batch_size"": 18, ""learning_rate"": 0.02634004880323144, ""max_dropout"": 0.1687945027641719, ""max_units"": 738, ""momentum"": 0.5599935029963824, ""num_layers"": 2, ""weight_decay"": 0.000943312895468226}"
bohb,lcbench,168329,9,176,1,1.0,-0.15135741233825684,13.854207038879395,29879.612257122993,-32.5031852722168,"{""OpenML_task_id"": ""168329"", ""batch_size"": 18, ""learning_rate"": 0.036284496202277194, ""max_dropout"": 0.16148949781194355, ""max_units"": 738, ""momentum"": 0.5299682467035493, ""num_layers"": 2, ""weight_decay"": 0.0008429068230864108}"
bohb,lcbench,168329,9,176,2,3.0,-29.666534423828125,30.451194763183594,29910.063451886177,-32.5031852722168,"{""OpenML_task_id"": ""168329"", ""batch_size"": 18, ""learning_rate"": 0.036284496202277194, ""max_dropout"": 0.16148949781194355, ""max_units"": 738, ""momentum"": 0.5299682467035493, ""num_layers"": 2, ""weight_decay"": 0.0008429068230864108}"
bohb,lcbench,168329,9,176,3,9.0,-30.48996353149414,78.78215789794922,29988.845609784126,-32.5031852722168,"{""OpenML_task_id"": ""168329"", ""batch_size"": 18, ""learning_rate"": 0.036284496202277194, ""max_dropout"": 0.16148949781194355, ""max_units"": 738, ""momentum"": 0.5299682467035493, ""num_layers"": 2, ""weight_decay"": 0.0008429068230864108}"
bohb,lcbench,168329,9,176,4,27.0,-30.666196823120117,180.13087463378906,30168.976484417915,-32.5031852722168,"{""OpenML_task_id"": ""168329"", ""batch_size"": 18, ""learning_rate"": 0.036284496202277194, ""max_dropout"": 0.16148949781194355, ""max_units"": 738, ""momentum"": 0.5299682467035493, ""num_layers"": 2, ""weight_decay"": 0.0008429068230864108}"
bohb,lcbench,168329,9,176,5,52.0,-31.405330657958984,316.4738464355469,30485.450330853462,-32.5031852722168,"{""OpenML_task_id"": ""168329"", ""batch_size"": 18, ""learning_rate"": 0.036284496202277194, ""max_dropout"": 0.16148949781194355, ""max_units"": 738, ""momentum"": 0.5299682467035493, ""num_layers"": 2, ""weight_decay"": 0.0008429068230864108}"
bohb,lcbench,168329,9,177,1,1.0,-0.28088223934173584,14.458012580871582,30499.908343434334,-32.5031852722168,"{""OpenML_task_id"": ""168329"", ""batch_size"": 18, ""learning_rate"": 0.007124790133130465, ""max_dropout"": 0.5465404024334923, ""max_units"": 738, ""momentum"": 0.5470891628324893, ""num_layers"": 2, ""weight_decay"": 0.000951995650140752}"
bohb,lcbench,168329,9,177,2,3.0,-27.95088005065918,31.14842987060547,30531.05677330494,-32.5031852722168,"{""OpenML_task_id"": ""168329"", ""batch_size"": 18, ""learning_rate"": 0.007124790133130465, ""max_dropout"": 0.5465404024334923, ""max_units"": 738, ""momentum"": 0.5470891628324893, ""num_layers"": 2, ""weight_decay"": 0.000951995650140752}"
bohb,lcbench,168329,9,178,1,1.0,-0.26028573513031006,14.187485694885254,30545.244258999825,-32.5031852722168,"{""OpenML_task_id"": ""168329"", ""batch_size"": 18, ""learning_rate"": 0.029402639174528965, ""max_dropout"": 0.10663983345925279, ""max_units"": 738, ""momentum"": 0.5266032584426049, ""num_layers"": 2, ""weight_decay"": 0.0008279147002324237}"
bohb,lcbench,168329,9,178,2,3.0,-30.094791412353516,31.513782501220703,30576.758041501045,-32.5031852722168,"{""OpenML_task_id"": ""168329"", ""batch_size"": 18, ""learning_rate"": 0.029402639174528965, ""max_dropout"": 0.10663983345925279, ""max_units"": 738, ""momentum"": 0.5266032584426049, ""num_layers"": 2, ""weight_decay"": 0.0008279147002324237}"
bohb,lcbench,168329,9,178,3,9.0,-31.141319274902344,80.95752716064453,30657.71556866169,-32.5031852722168,"{""OpenML_task_id"": ""168329"", ""batch_size"": 18, ""learning_rate"": 0.029402639174528965, ""max_dropout"": 0.10663983345925279, ""max_units"": 738, ""momentum"": 0.5266032584426049, ""num_layers"": 2, ""weight_decay"": 0.0008279147002324237}"
bohb,lcbench,168329,9,178,4,27.0,-31.021324157714844,183.5933380126953,30841.308906674385,-32.5031852722168,"{""OpenML_task_id"": ""168329"", ""batch_size"": 18, ""learning_rate"": 0.029402639174528965, ""max_dropout"": 0.10663983345925279, ""max_units"": 738, ""momentum"": 0.5266032584426049, ""num_layers"": 2, ""weight_decay"": 0.0008279147002324237}"
bohb,lcbench,168329,9,178,5,52.0,-31.68173599243164,322.29296875,31163.601875424385,-32.5031852722168,"{""OpenML_task_id"": ""168329"", ""batch_size"": 18, ""learning_rate"": 0.029402639174528965, ""max_dropout"": 0.10663983345925279, ""max_units"": 738, ""momentum"": 0.5266032584426049, ""num_layers"": 2, ""weight_decay"": 0.0008279147002324237}"
bohb,lcbench,168329,9,179,1,1.0,-0.38202691078186035,14.233503341674805,31177.83537876606,-32.5031852722168,"{""OpenML_task_id"": ""168329"", ""batch_size"": 18, ""learning_rate"": 0.008307434996663757, ""max_dropout"": 0.3706520866718341, ""max_units"": 738, ""momentum"": 0.5212210199763451, ""num_layers"": 2, ""weight_decay"": 0.0010184661763644489}"
bohb,lcbench,168329,9,179,2,3.0,-28.799827575683594,31.48868179321289,31209.324060559273,-32.5031852722168,"{""OpenML_task_id"": ""168329"", ""batch_size"": 18, ""learning_rate"": 0.008307434996663757, ""max_dropout"": 0.3706520866718341, ""max_units"": 738, ""momentum"": 0.5212210199763451, ""num_layers"": 2, ""weight_decay"": 0.0010184661763644489}"
bohb,lcbench,168329,9,179,3,9.0,-32.194435119628906,80.83899688720703,31290.16305744648,-32.5031852722168,"{""OpenML_task_id"": ""168329"", ""batch_size"": 18, ""learning_rate"": 0.008307434996663757, ""max_dropout"": 0.3706520866718341, ""max_units"": 738, ""momentum"": 0.5212210199763451, ""num_layers"": 2, ""weight_decay"": 0.0010184661763644489}"
bohb,lcbench,168329,9,179,4,27.0,-31.969615936279297,181.68710327148438,31471.850160717964,-32.5031852722168,"{""OpenML_task_id"": ""168329"", ""batch_size"": 18, ""learning_rate"": 0.008307434996663757, ""max_dropout"": 0.3706520866718341, ""max_units"": 738, ""momentum"": 0.5212210199763451, ""num_layers"": 2, ""weight_decay"": 0.0010184661763644489}"
bohb,lcbench,168329,9,179,5,52.0,-32.50638198852539,309.6883544921875,31781.53851521015,-32.50638198852539,"{""OpenML_task_id"": ""168329"", ""batch_size"": 18, ""learning_rate"": 0.008307434996663757, ""max_dropout"": 0.3706520866718341, ""max_units"": 738, ""momentum"": 0.5212210199763451, ""num_layers"": 2, ""weight_decay"": 0.0010184661763644489}"
bohb,lcbench,168329,9,180,1,1.0,-0.25543463230133057,13.589258193969727,31795.12777340412,-32.50638198852539,"{""OpenML_task_id"": ""168329"", ""batch_size"": 18, ""learning_rate"": 0.028461913274075334, ""max_dropout"": 0.032437280314002614, ""max_units"": 738, ""momentum"": 0.5671464081508605, ""num_layers"": 2, ""weight_decay"": 0.0010153837279461568}"
bohb,lcbench,168329,9,180,2,3.0,-30.0477352142334,31.227916717529297,31826.35569012165,-32.50638198852539,"{""OpenML_task_id"": ""168329"", ""batch_size"": 18, ""learning_rate"": 0.028461913274075334, ""max_dropout"": 0.032437280314002614, ""max_units"": 738, ""momentum"": 0.5671464081508605, ""num_layers"": 2, ""weight_decay"": 0.0010153837279461568}"
bohb,lcbench,168329,9,180,3,9.0,-30.629737854003906,80.19196319580078,31906.54765331745,-32.50638198852539,"{""OpenML_task_id"": ""168329"", ""batch_size"": 18, ""learning_rate"": 0.028461913274075334, ""max_dropout"": 0.032437280314002614, ""max_units"": 738, ""momentum"": 0.5671464081508605, ""num_layers"": 2, ""weight_decay"": 0.0010153837279461568}"
bohb,lcbench,168329,9,180,4,27.0,-30.771284103393555,184.9850311279297,32091.53268444538,-32.50638198852539,"{""OpenML_task_id"": ""168329"", ""batch_size"": 18, ""learning_rate"": 0.028461913274075334, ""max_dropout"": 0.032437280314002614, ""max_units"": 738, ""momentum"": 0.5671464081508605, ""num_layers"": 2, ""weight_decay"": 0.0010153837279461568}"
bohb,lcbench,168329,9,180,5,52.0,-31.235618591308594,325.4807434082031,32417.013427853584,-32.50638198852539,"{""OpenML_task_id"": ""168329"", ""batch_size"": 18, ""learning_rate"": 0.028461913274075334, ""max_dropout"": 0.032437280314002614, ""max_units"": 738, ""momentum"": 0.5671464081508605, ""num_layers"": 2, ""weight_decay"": 0.0010153837279461568}"
bohb,lcbench,168329,9,181,1,1.0,0.07567846775054932,7.28485631942749,32424.29828417301,-32.50638198852539,"{""OpenML_task_id"": ""168329"", ""batch_size"": 43, ""learning_rate"": 0.0004612967521441236, ""max_dropout"": 0.15933306690083926, ""max_units"": 161, ""momentum"": 0.6312065689143108, ""num_layers"": 3, ""weight_decay"": 0.057700667983621945}"
bohb,lcbench,168329,9,182,1,1.0,0.3784981966018677,4.324395179748535,32428.62267935276,-32.50638198852539,"{""OpenML_task_id"": ""168329"", ""batch_size"": 75, ""learning_rate"": 0.02471767001710747, ""max_dropout"": 0.09602000168735925, ""max_units"": 154, ""momentum"": 0.9382656777508689, ""num_layers"": 4, ""weight_decay"": 0.059179390828845185}"
bohb,lcbench,168329,9,183,1,1.0,-0.14192914962768555,13.361959457397461,32441.984638810158,-32.50638198852539,"{""OpenML_task_id"": ""168329"", ""batch_size"": 18, ""learning_rate"": 0.031517965266557216, ""max_dropout"": 0.13815319477121807, ""max_units"": 738, ""momentum"": 0.5754701973534486, ""num_layers"": 2, ""weight_decay"": 0.001078610338981637}"
bohb,lcbench,168329,9,183,2,3.0,-29.6191349029541,29.868309020996094,32471.852947831154,-32.50638198852539,"{""OpenML_task_id"": ""168329"", ""batch_size"": 18, ""learning_rate"": 0.031517965266557216, ""max_dropout"": 0.13815319477121807, ""max_units"": 738, ""momentum"": 0.5754701973534486, ""num_layers"": 2, ""weight_decay"": 0.001078610338981637}"
bohb,lcbench,168329,9,183,3,9.0,-30.172761917114258,77.46577453613281,32549.318722367287,-32.50638198852539,"{""OpenML_task_id"": ""168329"", ""batch_size"": 18, ""learning_rate"": 0.031517965266557216, ""max_dropout"": 0.13815319477121807, ""max_units"": 738, ""momentum"": 0.5754701973534486, ""num_layers"": 2, ""weight_decay"": 0.001078610338981637}"
bohb,lcbench,168329,9,184,1,1.0,0.47333043813705444,5.154105186462402,32554.47282755375,-32.50638198852539,"{""OpenML_task_id"": ""168329"", ""batch_size"": 21, ""learning_rate"": 0.0007310856155802074, ""max_dropout"": 0.9942968046021827, ""max_units"": 203, ""momentum"": 0.12131088819998287, ""num_layers"": 5, ""weight_decay"": 0.07062899808090499}"
bohb,lcbench,168329,9,185,1,1.0,-0.1517198085784912,13.657587051391602,32568.13041460514,-32.50638198852539,"{""OpenML_task_id"": ""168329"", ""batch_size"": 18, ""learning_rate"": 0.03277057095628073, ""max_dropout"": 0.17131518878822852, ""max_units"": 738, ""momentum"": 0.538605090958236, ""num_layers"": 2, ""weight_decay"": 0.0009648956506773883}"
bohb,lcbench,168329,9,185,2,3.0,-29.70979118347168,30.066322326660156,32598.1967369318,-32.50638198852539,"{""OpenML_task_id"": ""168329"", ""batch_size"": 18, ""learning_rate"": 0.03277057095628073, ""max_dropout"": 0.17131518878822852, ""max_units"": 738, ""momentum"": 0.538605090958236, ""num_layers"": 2, ""weight_decay"": 0.0009648956506773883}"
bohb,lcbench,168329,9,185,3,9.0,-30.51844596862793,77.98033142089844,32676.1770683527,-32.50638198852539,"{""OpenML_task_id"": ""168329"", ""batch_size"": 18, ""learning_rate"": 0.03277057095628073, ""max_dropout"": 0.17131518878822852, ""max_units"": 738, ""momentum"": 0.538605090958236, ""num_layers"": 2, ""weight_decay"": 0.0009648956506773883}"
bohb,lcbench,168329,9,185,4,27.0,-30.698829650878906,177.9792022705078,32854.15627062321,-32.50638198852539,"{""OpenML_task_id"": ""168329"", ""batch_size"": 18, ""learning_rate"": 0.03277057095628073, ""max_dropout"": 0.17131518878822852, ""max_units"": 738, ""momentum"": 0.538605090958236, ""num_layers"": 2, ""weight_decay"": 0.0009648956506773883}"
bohb,lcbench,168329,9,185,5,52.0,-31.49142074584961,311.7647399902344,33165.92101061344,-32.50638198852539,"{""OpenML_task_id"": ""168329"", ""batch_size"": 18, ""learning_rate"": 0.03277057095628073, ""max_dropout"": 0.17131518878822852, ""max_units"": 738, ""momentum"": 0.538605090958236, ""num_layers"": 2, ""weight_decay"": 0.0009648956506773883}"
bohb,lcbench,168329,9,186,1,1.0,0.2297452688217163,2.8183670043945312,33168.739377617836,-32.50638198852539,"{""OpenML_task_id"": ""168329"", ""batch_size"": 186, ""learning_rate"": 0.00018457611835252647, ""max_dropout"": 0.13959407204722551, ""max_units"": 70, ""momentum"": 0.35883348237536106, ""num_layers"": 1, ""weight_decay"": 0.07553825357374973}"
bohb,lcbench,168329,9,187,1,1.0,-0.08970284461975098,13.40658187866211,33182.1459594965,-32.50638198852539,"{""OpenML_task_id"": ""168329"", ""batch_size"": 18, ""learning_rate"": 0.034662066701159254, ""max_dropout"": 0.2129028680234951, ""max_units"": 738, ""momentum"": 0.5608823673166734, ""num_layers"": 2, ""weight_decay"": 0.0010130560963704865}"
bohb,lcbench,168329,9,187,2,3.0,-29.330888748168945,29.395580291748047,33211.541539788246,-32.50638198852539,"{""OpenML_task_id"": ""168329"", ""batch_size"": 18, ""learning_rate"": 0.034662066701159254, ""max_dropout"": 0.2129028680234951, ""max_units"": 738, ""momentum"": 0.5608823673166734, ""num_layers"": 2, ""weight_decay"": 0.0010130560963704865}"
bohb,lcbench,168329,9,187,3,9.0,-29.983491897583008,76.03923034667969,33287.580770134926,-32.50638198852539,"{""OpenML_task_id"": ""168329"", ""batch_size"": 18, ""learning_rate"": 0.034662066701159254, ""max_dropout"": 0.2129028680234951, ""max_units"": 738, ""momentum"": 0.5608823673166734, ""num_layers"": 2, ""weight_decay"": 0.0010130560963704865}"
bohb,lcbench,168329,9,188,1,1.0,-0.19884467124938965,7.629290580749512,33295.210060715675,-32.50638198852539,"{""OpenML_task_id"": ""168329"", ""batch_size"": 255, ""learning_rate"": 0.0017124917231643169, ""max_dropout"": 0.8065031822567471, ""max_units"": 430, ""momentum"": 0.9061879193967043, ""num_layers"": 2, ""weight_decay"": 0.027565043392359993}"
bohb,lcbench,168329,9,188,2,3.0,-6.48333215713501,18.472694396972656,33313.68275511265,-32.50638198852539,"{""OpenML_task_id"": ""168329"", ""batch_size"": 255, ""learning_rate"": 0.0017124917231643169, ""max_dropout"": 0.8065031822567471, ""max_units"": 430, ""momentum"": 0.9061879193967043, ""num_layers"": 2, ""weight_decay"": 0.027565043392359993}"
bohb,lcbench,168329,9,189,1,1.0,-0.3461707830429077,13.862573623657227,33327.545328736305,-32.50638198852539,"{""OpenML_task_id"": ""168329"", ""batch_size"": 18, ""learning_rate"": 0.021938168104502907, ""max_dropout"": 0.06683011212208884, ""max_units"": 738, ""momentum"": 0.5588749988263919, ""num_layers"": 2, ""weight_decay"": 0.0009468517010100399}"
bohb,lcbench,168329,9,189,2,3.0,-30.19756507873535,32.00184631347656,33359.54717504978,-32.50638198852539,"{""OpenML_task_id"": ""168329"", ""batch_size"": 18, ""learning_rate"": 0.021938168104502907, ""max_dropout"": 0.06683011212208884, ""max_units"": 738, ""momentum"": 0.5588749988263919, ""num_layers"": 2, ""weight_decay"": 0.0009468517010100399}"
bohb,lcbench,168329,9,189,3,9.0,-31.48603057861328,81.52787017822266,33441.075045228004,-32.50638198852539,"{""OpenML_task_id"": ""168329"", ""batch_size"": 18, ""learning_rate"": 0.021938168104502907, ""max_dropout"": 0.06683011212208884, ""max_units"": 738, ""momentum"": 0.5588749988263919, ""num_layers"": 2, ""weight_decay"": 0.0009468517010100399}"
bohb,lcbench,168329,9,189,4,27.0,-31.225906372070312,185.7840576171875,33626.85910284519,-32.50638198852539,"{""OpenML_task_id"": ""168329"", ""batch_size"": 18, ""learning_rate"": 0.021938168104502907, ""max_dropout"": 0.06683011212208884, ""max_units"": 738, ""momentum"": 0.5588749988263919, ""num_layers"": 2, ""weight_decay"": 0.0009468517010100399}"
bohb,lcbench,168329,9,189,5,52.0,-31.790943145751953,324.8490295410156,33951.70813238621,-32.50638198852539,"{""OpenML_task_id"": ""168329"", ""batch_size"": 18, ""learning_rate"": 0.021938168104502907, ""max_dropout"": 0.06683011212208884, ""max_units"": 738, ""momentum"": 0.5588749988263919, ""num_layers"": 2, ""weight_decay"": 0.0009468517010100399}"
bohb,lcbench,168329,9,190,1,1.0,-0.25839781761169434,13.413554191589355,33965.1216865778,-32.50638198852539,"{""OpenML_task_id"": ""168329"", ""batch_size"": 18, ""learning_rate"": 0.025535718459799787, ""max_dropout"": 0.04210638547130503, ""max_units"": 738, ""momentum"": 0.5777031233704553, ""num_layers"": 2, ""weight_decay"": 0.0011374006014844232}"
bohb,lcbench,168329,9,190,2,3.0,-30.11324119567871,30.86117172241211,33995.98285830021,-32.50638198852539,"{""OpenML_task_id"": ""168329"", ""batch_size"": 18, ""learning_rate"": 0.025535718459799787, ""max_dropout"": 0.04210638547130503, ""max_units"": 738, ""momentum"": 0.5777031233704553, ""num_layers"": 2, ""weight_decay"": 0.0011374006014844232}"
bohb,lcbench,168329,9,190,3,9.0,-30.67912483215332,79.66764068603516,34075.650498986244,-32.50638198852539,"{""OpenML_task_id"": ""168329"", ""batch_size"": 18, ""learning_rate"": 0.025535718459799787, ""max_dropout"": 0.04210638547130503, ""max_units"": 738, ""momentum"": 0.5777031233704553, ""num_layers"": 2, ""weight_decay"": 0.0011374006014844232}"
bohb,lcbench,168329,9,190,4,27.0,-30.800323486328125,183.4218292236328,34259.07232820988,-32.50638198852539,"{""OpenML_task_id"": ""168329"", ""batch_size"": 18, ""learning_rate"": 0.025535718459799787, ""max_dropout"": 0.04210638547130503, ""max_units"": 738, ""momentum"": 0.5777031233704553, ""num_layers"": 2, ""weight_decay"": 0.0011374006014844232}"
bohb,lcbench,168329,9,190,5,52.0,-31.382965087890625,321.6612854003906,34580.73361361027,-32.50638198852539,"{""OpenML_task_id"": ""168329"", ""batch_size"": 18, ""learning_rate"": 0.025535718459799787, ""max_dropout"": 0.04210638547130503, ""max_units"": 738, ""momentum"": 0.5777031233704553, ""num_layers"": 2, ""weight_decay"": 0.0011374006014844232}"
bohb,lcbench,168329,9,191,1,1.0,0.16956710815429688,3.373366355895996,34584.10697996616,-32.50638198852539,"{""OpenML_task_id"": ""168329"", ""batch_size"": 27, ""learning_rate"": 0.09774921503341712, ""max_dropout"": 0.22162701590728062, ""max_units"": 101, ""momentum"": 0.17444787418077295, ""num_layers"": 2, ""weight_decay"": 0.026676665616496738}"
bohb,lcbench,168329,9,192,1,1.0,-0.16138184070587158,13.681292533874512,34597.78827250004,-32.50638198852539,"{""OpenML_task_id"": ""168329"", ""batch_size"": 18, ""learning_rate"": 0.037929443931577045, ""max_dropout"": 0.07806205448270123, ""max_units"": 738, ""momentum"": 0.5594802718853125, ""num_layers"": 2, ""weight_decay"": 0.0008564225292737096}"
bohb,lcbench,168329,9,192,2,3.0,-29.595958709716797,30.87929916381836,34628.66757166386,-32.50638198852539,"{""OpenML_task_id"": ""168329"", ""batch_size"": 18, ""learning_rate"": 0.037929443931577045, ""max_dropout"": 0.07806205448270123, ""max_units"": 738, ""momentum"": 0.5594802718853125, ""num_layers"": 2, ""weight_decay"": 0.0008564225292737096}"
bohb,lcbench,168329,9,192,3,9.0,-30.060056686401367,79.47241973876953,34708.139991402626,-32.50638198852539,"{""OpenML_task_id"": ""168329"", ""batch_size"": 18, ""learning_rate"": 0.037929443931577045, ""max_dropout"": 0.07806205448270123, ""max_units"": 738, ""momentum"": 0.5594802718853125, ""num_layers"": 2, ""weight_decay"": 0.0008564225292737096}"
bohb,lcbench,168329,9,193,1,1.0,-0.10626375675201416,13.921141624450684,34722.06113302708,-32.50638198852539,"{""OpenML_task_id"": ""168329"", ""batch_size"": 18, ""learning_rate"": 0.028830942835371767, ""max_dropout"": 0.3388146702986315, ""max_units"": 738, ""momentum"": 0.5198712827719428, ""num_layers"": 2, ""weight_decay"": 0.0009334182409628791}"
bohb,lcbench,168329,9,193,2,3.0,-29.456220626831055,29.470882415771484,34751.53201544285,-32.50638198852539,"{""OpenML_task_id"": ""168329"", ""batch_size"": 18, ""learning_rate"": 0.028830942835371767, ""max_dropout"": 0.3388146702986315, ""max_units"": 738, ""momentum"": 0.5198712827719428, ""num_layers"": 2, ""weight_decay"": 0.0009334182409628791}"
bohb,lcbench,168329,9,193,3,9.0,-30.69084930419922,75.64320373535156,34827.1752191782,-32.50638198852539,"{""OpenML_task_id"": ""168329"", ""batch_size"": 18, ""learning_rate"": 0.028830942835371767, ""max_dropout"": 0.3388146702986315, ""max_units"": 738, ""momentum"": 0.5198712827719428, ""num_layers"": 2, ""weight_decay"": 0.0009334182409628791}"
bohb,lcbench,168329,9,193,4,27.0,-30.654422760009766,171.16722106933594,34998.342440247536,-32.50638198852539,"{""OpenML_task_id"": ""168329"", ""batch_size"": 18, ""learning_rate"": 0.028830942835371767, ""max_dropout"": 0.3388146702986315, ""max_units"": 738, ""momentum"": 0.5198712827719428, ""num_layers"": 2, ""weight_decay"": 0.0009334182409628791}"
bohb,lcbench,168329,9,193,5,52.0,-31.587249755859375,297.765625,35296.108065247536,-32.50638198852539,"{""OpenML_task_id"": ""168329"", ""batch_size"": 18, ""learning_rate"": 0.028830942835371767, ""max_dropout"": 0.3388146702986315, ""max_units"": 738, ""momentum"": 0.5198712827719428, ""num_layers"": 2, ""weight_decay"": 0.0009334182409628791}"
bohb,lcbench,168329,9,194,1,1.0,-0.17905235290527344,13.467938423156738,35309.57600367069,-32.50638198852539,"{""OpenML_task_id"": ""168329"", ""batch_size"": 18, ""learning_rate"": 0.03226240499390719, ""max_dropout"": 0.08719310039689541, ""max_units"": 738, ""momentum"": 0.5620400170978511, ""num_layers"": 2, ""weight_decay"": 0.0010232990430647688}"
bohb,lcbench,168329,9,194,2,3.0,-29.83868980407715,30.398204803466797,35339.97420847416,-32.50638198852539,"{""OpenML_task_id"": ""168329"", ""batch_size"": 18, ""learning_rate"": 0.03226240499390719, ""max_dropout"": 0.08719310039689541, ""max_units"": 738, ""momentum"": 0.5620400170978511, ""num_layers"": 2, ""weight_decay"": 0.0010232990430647688}"
bohb,lcbench,168329,9,194,3,9.0,-30.330364227294922,78.72358703613281,35418.69779551029,-32.50638198852539,"{""OpenML_task_id"": ""168329"", ""batch_size"": 18, ""learning_rate"": 0.03226240499390719, ""max_dropout"": 0.08719310039689541, ""max_units"": 738, ""momentum"": 0.5620400170978511, ""num_layers"": 2, ""weight_decay"": 0.0010232990430647688}"
bohb,lcbench,168329,9,195,1,1.0,-0.21293461322784424,13.505589485168457,35432.20338499546,-32.50638198852539,"{""OpenML_task_id"": ""168329"", ""batch_size"": 18, ""learning_rate"": 0.024306234281211533, ""max_dropout"": 0.15897072665526632, ""max_units"": 738, ""momentum"": 0.56308169360267, ""num_layers"": 2, ""weight_decay"": 0.0011279429852791211}"
bohb,lcbench,168329,9,195,2,3.0,-29.91413116455078,30.255970001220703,35462.45935499668,-32.50638198852539,"{""OpenML_task_id"": ""168329"", ""batch_size"": 18, ""learning_rate"": 0.024306234281211533, ""max_dropout"": 0.15897072665526632, ""max_units"": 738, ""momentum"": 0.56308169360267, ""num_layers"": 2, ""weight_decay"": 0.0011279429852791211}"
bohb,lcbench,168329,9,195,3,9.0,-30.957868576049805,78.10723114013672,35540.56658613682,-32.50638198852539,"{""OpenML_task_id"": ""168329"", ""batch_size"": 18, ""learning_rate"": 0.024306234281211533, ""max_dropout"": 0.15897072665526632, ""max_units"": 738, ""momentum"": 0.56308169360267, ""num_layers"": 2, ""weight_decay"": 0.0011279429852791211}"
bohb,lcbench,168329,9,195,4,27.0,-30.863771438598633,177.60130310058594,35718.167889237404,-32.50638198852539,"{""OpenML_task_id"": ""168329"", ""batch_size"": 18, ""learning_rate"": 0.024306234281211533, ""max_dropout"": 0.15897072665526632, ""max_units"": 738, ""momentum"": 0.56308169360267, ""num_layers"": 2, ""weight_decay"": 0.0011279429852791211}"
bohb,lcbench,168329,9,195,5,52.0,-31.71597671508789,310.04254150390625,36028.21043074131,-32.50638198852539,"{""OpenML_task_id"": ""168329"", ""batch_size"": 18, ""learning_rate"": 0.024306234281211533, ""max_dropout"": 0.15897072665526632, ""max_units"": 738, ""momentum"": 0.56308169360267, ""num_layers"": 2, ""weight_decay"": 0.0011279429852791211}"
bohb,lcbench,168329,9,196,1,1.0,-0.39719271659851074,14.055010795593262,36042.2654415369,-32.50638198852539,"{""OpenML_task_id"": ""168329"", ""batch_size"": 18, ""learning_rate"": 0.019451921479377198, ""max_dropout"": 0.08941145193275485, ""max_units"": 738, ""momentum"": 0.5480214381976816, ""num_layers"": 2, ""weight_decay"": 0.000872013135039767}"
bohb,lcbench,168329,9,196,2,3.0,-30.317935943603516,32.5052490234375,36074.77069056034,-32.50638198852539,"{""OpenML_task_id"": ""168329"", ""batch_size"": 18, ""learning_rate"": 0.019451921479377198, ""max_dropout"": 0.08941145193275485, ""max_units"": 738, ""momentum"": 0.5480214381976816, ""num_layers"": 2, ""weight_decay"": 0.000872013135039767}"
bohb,lcbench,168329,9,196,3,9.0,-31.88439178466797,82.47610473632812,36157.24679529667,-32.50638198852539,"{""OpenML_task_id"": ""168329"", ""batch_size"": 18, ""learning_rate"": 0.019451921479377198, ""max_dropout"": 0.08941145193275485, ""max_units"": 738, ""momentum"": 0.5480214381976816, ""num_layers"": 2, ""weight_decay"": 0.000872013135039767}"
bohb,lcbench,168329,9,196,4,27.0,-31.499168395996094,187.20223999023438,36344.4490352869,-32.50638198852539,"{""OpenML_task_id"": ""168329"", ""batch_size"": 18, ""learning_rate"": 0.019451921479377198, ""max_dropout"": 0.08941145193275485, ""max_units"": 738, ""momentum"": 0.5480214381976816, ""num_layers"": 2, ""weight_decay"": 0.000872013135039767}"
bohb,lcbench,168329,9,196,5,52.0,-32.04276657104492,324.939697265625,36669.38873255253,-32.50638198852539,"{""OpenML_task_id"": ""168329"", ""batch_size"": 18, ""learning_rate"": 0.019451921479377198, ""max_dropout"": 0.08941145193275485, ""max_units"": 738, ""momentum"": 0.5480214381976816, ""num_layers"": 2, ""weight_decay"": 0.000872013135039767}"
bohb,lcbench,168329,9,197,1,1.0,0.2807497978210449,5.226617813110352,36674.61535036564,-32.50638198852539,"{""OpenML_task_id"": ""168329"", ""batch_size"": 20, ""learning_rate"": 0.06331309598573964, ""max_dropout"": 0.12375772152643327, ""max_units"": 214, ""momentum"": 0.7233787040227104, ""num_layers"": 1, ""weight_decay"": 0.0914382720825268}"
bohb,lcbench,168329,9,198,1,1.0,-0.3583109378814697,14.078717231750488,36688.69406759739,-32.50638198852539,"{""OpenML_task_id"": ""168329"", ""batch_size"": 18, ""learning_rate"": 0.015466022914374917, ""max_dropout"": 0.22451501901680224, ""max_units"": 738, ""momentum"": 0.5611688548331782, ""num_layers"": 2, ""weight_decay"": 0.0009050131040348764}"
bohb,lcbench,168329,9,198,2,3.0,-30.0222225189209,31.923755645751953,36720.61782324314,-32.50638198852539,"{""OpenML_task_id"": ""168329"", ""batch_size"": 18, ""learning_rate"": 0.015466022914374917, ""max_dropout"": 0.22451501901680224, ""max_units"": 738, ""momentum"": 0.5611688548331782, ""num_layers"": 2, ""weight_decay"": 0.0009050131040348764}"
bohb,lcbench,168329,9,198,3,9.0,-31.997989654541016,80.48062133789062,36801.09844458103,-32.50638198852539,"{""OpenML_task_id"": ""168329"", ""batch_size"": 18, ""learning_rate"": 0.015466022914374917, ""max_dropout"": 0.22451501901680224, ""max_units"": 738, ""momentum"": 0.5611688548331782, ""num_layers"": 2, ""weight_decay"": 0.0009050131040348764}"
bohb,lcbench,168329,9,198,4,27.0,-31.563636779785156,182.38433837890625,36983.48278295994,-32.50638198852539,"{""OpenML_task_id"": ""168329"", ""batch_size"": 18, ""learning_rate"": 0.015466022914374917, ""max_dropout"": 0.22451501901680224, ""max_units"": 738, ""momentum"": 0.5611688548331782, ""num_layers"": 2, ""weight_decay"": 0.0009050131040348764}"
bohb,lcbench,168329,9,198,5,52.0,-32.32874298095703,313.5412902832031,37297.02407324314,-32.50638198852539,"{""OpenML_task_id"": ""168329"", ""batch_size"": 18, ""learning_rate"": 0.015466022914374917, ""max_dropout"": 0.22451501901680224, ""max_units"": 738, ""momentum"": 0.5611688548331782, ""num_layers"": 2, ""weight_decay"": 0.0009050131040348764}"
bohb,lcbench,168329,9,199,1,1.0,-0.12926912307739258,13.152788162231445,37310.17686140537,-32.50638198852539,"{""OpenML_task_id"": ""168329"", ""batch_size"": 18, ""learning_rate"": 0.024199636474022537, ""max_dropout"": 0.2737720824653211, ""max_units"": 738, ""momentum"": 0.5183761957678245, ""num_layers"": 2, ""weight_decay"": 0.0013601684060094968}"
bohb,lcbench,168329,9,199,2,3.0,-29.647998809814453,29.002342224121094,37339.179203629494,-32.50638198852539,"{""OpenML_task_id"": ""168329"", ""batch_size"": 18, ""learning_rate"": 0.024199636474022537, ""max_dropout"": 0.2737720824653211, ""max_units"": 738, ""momentum"": 0.5183761957678245, ""num_layers"": 2, ""weight_decay"": 0.0013601684060094968}"
bohb,lcbench,168329,9,199,3,9.0,-30.929597854614258,74.08000183105469,37413.25920546055,-32.50638198852539,"{""OpenML_task_id"": ""168329"", ""batch_size"": 18, ""learning_rate"": 0.024199636474022537, ""max_dropout"": 0.2737720824653211, ""max_units"": 738, ""momentum"": 0.5183761957678245, ""num_layers"": 2, ""weight_decay"": 0.0013601684060094968}"
bohb,lcbench,168329,9,199,4,27.0,-30.78116226196289,169.6123809814453,37582.871586441994,-32.50638198852539,"{""OpenML_task_id"": ""168329"", ""batch_size"": 18, ""learning_rate"": 0.024199636474022537, ""max_dropout"": 0.2737720824653211, ""max_units"": 738, ""momentum"": 0.5183761957678245, ""num_layers"": 2, ""weight_decay"": 0.0013601684060094968}"
bohb,lcbench,168329,9,199,5,52.0,-31.793071746826172,295.545654296875,37878.41724073887,-32.50638198852539,"{""OpenML_task_id"": ""168329"", ""batch_size"": 18, ""learning_rate"": 0.024199636474022537, ""max_dropout"": 0.2737720824653211, ""max_units"": 738, ""momentum"": 0.5183761957678245, ""num_layers"": 2, ""weight_decay"": 0.0013601684060094968}"
bohb,lcbench,168329,9,200,1,1.0,-0.3260006904602051,14.253026008605957,37892.670266747475,-32.50638198852539,"{""OpenML_task_id"": ""168329"", ""batch_size"": 18, ""learning_rate"": 0.02025908275803946, ""max_dropout"": 0.16581770244161026, ""max_units"": 738, ""momentum"": 0.5745200455603846, ""num_layers"": 2, ""weight_decay"": 0.000811915032752833}"
bohb,lcbench,168329,9,200,2,3.0,-30.00157928466797,32.03252410888672,37924.70279085636,-32.50638198852539,"{""OpenML_task_id"": ""168329"", ""batch_size"": 18, ""learning_rate"": 0.02025908275803946, ""max_dropout"": 0.16581770244161026, ""max_units"": 738, ""momentum"": 0.5745200455603846, ""num_layers"": 2, ""weight_decay"": 0.000811915032752833}"
bohb,lcbench,168329,9,200,3,9.0,-31.522544860839844,80.7274398803711,38005.43023073673,-32.50638198852539,"{""OpenML_task_id"": ""168329"", ""batch_size"": 18, ""learning_rate"": 0.02025908275803946, ""max_dropout"": 0.16581770244161026, ""max_units"": 738, ""momentum"": 0.5745200455603846, ""num_layers"": 2, ""weight_decay"": 0.000811915032752833}"
bohb,lcbench,168329,9,200,4,27.0,-31.274131774902344,183.2893524169922,38188.719583153725,-32.50638198852539,"{""OpenML_task_id"": ""168329"", ""batch_size"": 18, ""learning_rate"": 0.02025908275803946, ""max_dropout"": 0.16581770244161026, ""max_units"": 738, ""momentum"": 0.5745200455603846, ""num_layers"": 2, ""weight_decay"": 0.000811915032752833}"
bohb,lcbench,168329,9,200,5,52.0,-31.922550201416016,319.51519775390625,38508.23478090763,-32.50638198852539,"{""OpenML_task_id"": ""168329"", ""batch_size"": 18, ""learning_rate"": 0.02025908275803946, ""max_dropout"": 0.16581770244161026, ""max_units"": 738, ""momentum"": 0.5745200455603846, ""num_layers"": 2, ""weight_decay"": 0.000811915032752833}"
